shape_id,shape_pt_lat,shape_pt_lon,shape_pt_sequence,shape_dist_traveled
2,38.2978969288,-77.4578392185,1,
2,38.2979694953,-77.4576816067,2,
2,38.2982193884,-77.4570289637,3,
2,38.2984611232,-77.4564235516,4,
2,38.2987958374,-77.4555079366,5,
2,38.2991860992,-77.4544800068,6,
2,38.2992699972,-77.4542422974,7,
2,38.2995276393,-77.4535751193,8,
2,38.2997530622,-77.4530032745,9,
2,38.29981516,-77.4528365582,10,
2,38.3002197466,-77.4517738334,11,
2,38.3004223791,-77.4512664424,12,
2,38.3006775012,-77.450706116,13,
2,38.3010144002,-77.4500944699,14,
2,38.3014380706,-77.4494679658,15,
2,38.3019136882,-77.4488892588,16,
2,38.3022773196,-77.4485108651,17,
2,38.3032226257,-77.447741151,18,
2,38.3033973161,-77.4476273688,19,
2,38.3042284919,-77.4471514267,20,
2,38.3046114847,-77.4469940004,21,
2,38.30513375,-77.4468045628,22,
2,38.3057449992,-77.4466388658,23,
2,38.3062851638,-77.4465566096,24,
2,38.3068174132,-77.4465183501,25,
2,38.3074184696,-77.4465421797,26,
2,38.3078205053,-77.4465810086,27,
2,38.3091245445,-77.4468567803,28,
2,38.3098873612,-77.447042992,29,
2,38.3107186119,-77.4472366047,30,
2,38.3115258148,-77.4474421969,31,
2,38.3125667244,-77.4476865657,32,
2,38.3134792371,-77.447915156,33,
2,38.3145699851,-77.4481573233,34,
2,38.3151952323,-77.4483243046,35,
2,38.31614281,-77.4485237382,36,
2,38.3163519861,-77.4485714463,37,
2,38.3169609765,-77.448725286,38,
2,38.3177595037,-77.4489330909,39,
2,38.3182850339,-77.4490626157,40,
2,38.3187528347,-77.4491739606,41,
2,38.3195755843,-77.4493670964,42,
2,38.3205011862,-77.4495966698,43,
2,38.3219252741,-77.4499347312,44,
2,38.3227425174,-77.4501311657,45,
2,38.3232061135,-77.4502378417,46,
2,38.3242004287,-77.4504074589,47,
2,38.3245457057,-77.4504278862,48,
2,38.3250732019,-77.450426539,49,
2,38.3253993796,-77.450405799,50,
2,38.3259561735,-77.4503192637,51,
2,38.3267369392,-77.4501336423,52,
2,38.3272840332,-77.449993113,53,
2,38.3280254204,-77.4498164385,54,
2,38.3288740474,-77.4495948476,55,
2,38.3294817697,-77.4494254789,56,
2,38.330090451,-77.449301219,57,
2,38.3302568168,-77.4492635002,58,
2,38.3307413641,-77.4491726349,59,
2,38.3313518665,-77.4490733095,60,
2,38.3320363084,-77.4489651532,61,
2,38.3328064555,-77.4488854851,62,
2,38.3337192957,-77.4488166776,63,
2,38.3341887623,-77.4487976824,64,
2,38.3353434988,-77.4487687706,65,
2,38.3378653764,-77.4488720017,66,
2,38.3382679112,-77.4488890274,67,
2,38.3389655994,-77.4489073678,68,
2,38.3395124847,-77.4488844267,69,
2,38.3397449359,-77.4488678085,70,
2,38.3403092602,-77.4487771098,71,
2,38.340930142,-77.4486170865,72,
2,38.3411106432,-77.44854991,73,
2,38.3414425371,-77.4484211695,74,
2,38.3417537855,-77.4482866198,75,
2,38.3421484672,-77.4480824184,76,
2,38.3423994943,-77.4479410304,77,
2,38.3429416725,-77.4475760835,78,
2,38.3432878143,-77.4472988231,79,
2,38.3436228471,-77.4470142072,80,
2,38.3438668525,-77.4467801144,81,
2,38.3443568669,-77.446250651,82,
2,38.3446797777,-77.4458405873,83,
2,38.3448925094,-77.4455635701,84,
2,38.345277394,-77.4449676211,85,
2,38.3454828485,-77.4446030656,86,
2,38.3455896441,-77.4444012987,87,
2,38.3457316582,-77.4441242397,88,
2,38.3459381777,-77.4436545934,89,
2,38.3461435508,-77.4431309774,90,
2,38.3463301917,-77.4425676962,91,
2,38.346437517,-77.4422192645,92,
2,38.3466933314,-77.4410659772,93,
2,38.3467940303,-77.4403535273,94,
2,38.3469230282,-77.4393471069,95,
2,38.3470400906,-77.4383785122,96,
2,38.3471506797,-77.4374665002,97,
2,38.3471968351,-77.4370796918,98,
2,38.347249799,-77.4365440327,99,
2,38.3473437926,-77.4358822188,100,
2,38.3474539061,-77.434972324,101,
2,38.3477466385,-77.432548054,102,
2,38.3481106481,-77.4295105913,103,
2,38.3484855547,-77.4264685076,104,
2,38.3487347557,-77.4244377655,105,
2,38.3489060874,-77.4229391874,106,
2,38.3491272321,-77.4211393163,107,
2,38.3493053531,-77.4196656676,108,
2,38.3494659197,-77.4183505382,109,
2,38.3495027096,-77.4180115663,110,
2,38.3496261133,-77.4171571704,111,
2,38.3497384894,-77.4166263432,112,
2,38.3499093833,-77.4159568197,113,
2,38.350076769,-77.4154195633,114,
2,38.3502154987,-77.415032448,115,
2,38.3506973238,-77.4139511444,116,
2,38.350951659,-77.4134877409,117,
2,38.3513295092,-77.4128796718,118,
2,38.3515607775,-77.4125454987,119,
2,38.3517681889,-77.4122684151,120,
2,38.3520547379,-77.4119335095,121,
2,38.3525629423,-77.4114094679,122,
2,38.3530648607,-77.4109676491,123,
2,38.3536124596,-77.4105489003,124,
2,38.3565046702,-77.4083801047,125,
2,38.3566477691,-77.4082725816,126,
2,38.3568373305,-77.4081234064,127,
2,38.3570222759,-77.4079904705,128,
2,38.3572850188,-77.4077955281,129,
2,38.3575244886,-77.4076225019,130,
2,38.357674013,-77.4075049,131,
2,38.359065045,-77.4064729458,132,
2,38.3620425676,-77.4042532142,133,
2,38.3624649813,-77.4039523509,134,
2,38.3631277529,-77.4034998178,135,
2,38.3635760692,-77.4032143487,136,
2,38.3644190585,-77.4027782341,137,
2,38.365073407,-77.4024791682,138,
2,38.3667731599,-77.4017251956,139,
2,38.368213153,-77.4010898849,140,
2,38.3710765555,-77.3998334442,141,
2,38.3728754549,-77.3990365275,142,
2,38.3760482419,-77.3976369955,143,
2,38.3765097351,-77.3974456563,144,
2,38.3769256048,-77.397259614,145,
2,38.3771295889,-77.3971482455,146,
2,38.3778860784,-77.3967915228,147,
2,38.37852438,-77.3963705454,148,
2,38.3790976071,-77.3959118126,149,
2,38.3796323767,-77.3953805525,150,
2,38.3800254448,-77.3949200815,151,
2,38.3807490411,-77.3940599816,152,
2,38.3819833075,-77.3925804227,153,
2,38.3826053167,-77.3918229929,154,
2,38.3832061154,-77.3910899258,155,
2,38.3836391591,-77.3905593524,156,
2,38.3841971597,-77.3898783914,157,
2,38.3845150998,-77.3894770351,158,
2,38.3848502538,-77.3890037702,159,
2,38.3852540142,-77.3883653428,160,
2,38.3855314034,-77.3878750945,161,
2,38.3858680571,-77.3872120363,162,
2,38.3860454133,-77.3868173701,163,
2,38.3861636577,-77.3865566902,164,
2,38.386370579,-77.3860289938,165,
2,38.3864792548,-77.3857397492,166,
2,38.3866844546,-77.3850750563,167,
2,38.3867535701,-77.3848422165,168,
2,38.3869053157,-77.3842345586,169,
2,38.3869703509,-77.3839434222,170,
2,38.3870812754,-77.38324034,171,
2,38.3872166873,-77.3820231729,172,
2,38.387304756,-77.3811057709,173,
2,38.3873675094,-77.3804411284,174,
2,38.387393476,-77.3801610431,175,
2,38.3874051143,-77.3800868537,176,
2,38.3874092246,-77.380028987,177,
2,38.3874177557,-77.3799376184,178,
2,38.3874758818,-77.3793442432,179,
2,38.3875782269,-77.3786425035,180,
2,38.3876914151,-77.3780856281,181,
2,38.3878174689,-77.3776095804,182,
2,38.3879153278,-77.3772779551,183,
2,38.3880891621,-77.3768139005,184,
2,38.3882305857,-77.3764875977,185,
2,38.3884380403,-77.3760381108,186,
2,38.3887737317,-77.375455603,187,
2,38.38895461,-77.3751913481,188,
2,38.3893423464,-77.3746647905,189,
2,38.3897056983,-77.3742605935,190,
2,38.3901328651,-77.373849913,191,
2,38.390932271,-77.3732476527,192,
2,38.3933903706,-77.3716733804,193,
2,38.3956810741,-77.3702248565,194,
2,38.3984127207,-77.3684906262,195,
2,38.4006790489,-77.3670638528,196,
2,38.4011273076,-77.3667718321,197,
2,38.4024199109,-77.3659569352,198,
2,38.4033286932,-77.365379939,199,
2,38.4035972457,-77.3652181487,200,
2,38.4039952643,-77.3649986747,201,
2,38.4044537953,-77.364774824,202,
2,38.4050040718,-77.3645454307,203,
2,38.405666504,-77.3643337881,204,
2,38.4059309539,-77.3642668615,205,
2,38.4064222142,-77.3641696315,206,
2,38.407952443,-77.3639075926,207,
2,38.4101696217,-77.363560971,208,
2,38.4126118707,-77.3631686796,209,
2,38.4130452117,-77.3630861632,210,
2,38.4138786164,-77.3628749402,211,
2,38.4144009598,-77.362697348,212,
2,38.4150505877,-77.3624267741,213,
2,38.4160444182,-77.3619117738,214,
2,38.4163315031,-77.3617422197,215,
2,38.4166262117,-77.3615486644,216,
2,38.41721594,-77.3611209008,217,
2,38.4177073531,-77.360727254,218,
2,38.418073356,-77.3604105544,219,
2,38.4192133934,-77.3592256127,220,
2,38.4213068243,-77.3569296097,221,
2,38.421541566,-77.3566601099,222,
2,38.4230082779,-77.3551158783,223,
2,38.4239901161,-77.3539789977,224,
2,38.4242255346,-77.3537329397,225,
2,38.4243689167,-77.3535673846,226,
2,38.4254190845,-77.3524103949,227,
2,38.4260073268,-77.3517665427,228,
2,38.4264641025,-77.3512619654,229,
2,38.4274542277,-77.3501793777,230,
2,38.4290261782,-77.3484493729,231,
2,38.4303788795,-77.3469648068,232,
2,38.433750932,-77.3432687072,233,
2,38.4351576317,-77.3417234911,234,
2,38.436116189,-77.340677296,235,
2,38.4369639928,-77.3397384501,236,
2,38.438379895,-77.338186669,237,
2,38.4391426675,-77.3373376438,238,
2,38.4409579838,-77.33535846,239,
2,38.4415399081,-77.3347253528,240,
2,38.4418729975,-77.3343583668,241,
2,38.4431202762,-77.3329826556,242,
2,38.444307473,-77.3316912378,243,
2,38.4452748258,-77.3307517059,244,
2,38.4456064648,-77.3304627324,245,
2,38.4461411132,-77.3300257302,246,
2,38.4464773155,-77.3297859215,247,
2,38.4472272313,-77.3292661161,248,
2,38.4473474754,-77.3291856658,249,
2,38.4476944611,-77.3289889582,250,
2,38.4480940432,-77.3287784255,251,
2,38.4483951925,-77.3286460386,252,
2,38.449499933,-77.328267067,253,
2,38.4508570394,-77.3278719105,254,
2,38.4521191297,-77.3275059238,255,
2,38.4526204413,-77.3273603195,256,
2,38.4534798482,-77.3271146489,257,
2,38.4544016072,-77.3268446244,258,
2,38.4557851209,-77.326442695,259,
2,38.4563323066,-77.3262855398,260,
2,38.4575700098,-77.3259258424,261,
2,38.4584288567,-77.3256770629,262,
2,38.4600253707,-77.3252291728,263,
2,38.461347289,-77.324839819,264,
2,38.4625934003,-77.324479032,265,
2,38.4636982035,-77.324154486,266,
2,38.4641449342,-77.3240288652,267,
2,38.4642121134,-77.3240100886,268,
2,38.464289675,-77.3239895029,269,
2,38.4656026222,-77.3236082094,270,
2,38.4673772012,-77.3231030084,271,
2,38.4686895493,-77.3227257117,272,
2,38.4701387715,-77.3222965118,273,
2,38.470920688,-77.3220309579,274,
2,38.4710440831,-77.3219871944,275,
2,38.4711527357,-77.3219491421,276,
2,38.4712531497,-77.3219093751,277,
2,38.4717967161,-77.3217072701,278,
2,38.4724270666,-77.3214477778,279,
2,38.4729162447,-77.3212329187,280,
2,38.4731563876,-77.3211233526,281,
2,38.4737985134,-77.3208236087,282,
2,38.4741847965,-77.3206178547,283,
2,38.4746363832,-77.3203786924,284,
2,38.4753014585,-77.3200139292,285,
2,38.4757449903,-77.3197574539,286,
2,38.4764485103,-77.3193299544,287,
2,38.4777129986,-77.3184930716,288,
2,38.47985242,-77.3170178534,289,
2,38.4799967197,-77.3169168826,290,
2,38.4802152947,-77.3167741893,291,
2,38.4805583085,-77.3165482366,292,
2,38.4808293138,-77.3163650773,293,
2,38.4811954913,-77.3161381317,294,
2,38.4815232654,-77.3159407169,295,
2,38.4817123367,-77.3158361676,296,
2,38.4820700561,-77.31564568,297,
2,38.4824882123,-77.3154423027,298,
2,38.4827450977,-77.3153234416,299,
2,38.4830519619,-77.3151836262,300,
2,38.4835037712,-77.3149881955,301,
2,38.4843838357,-77.3146984716,302,
2,38.4860668365,-77.3142363344,303,
2,38.4876035532,-77.3138268081,304,
2,38.4901538175,-77.3131594867,305,
2,38.49128005,-77.3128535135,306,
2,38.491512022,-77.3128024077,307,
2,38.4928658492,-77.3124482618,308,
2,38.4951558324,-77.311843729,309,
2,38.4972066597,-77.3113080433,310,
2,38.4987026138,-77.3109092496,311,
2,38.4992534703,-77.3107568414,312,
2,38.4993448874,-77.3107311941,313,
2,38.4997084867,-77.3106348832,314,
2,38.4999086526,-77.310584608,315,
2,38.501438457,-77.3101805006,316,
2,38.5026698948,-77.3098731727,317,
2,38.5038687147,-77.3095469014,318,
2,38.5052824596,-77.3091699468,319,
2,38.5057401908,-77.3090497161,320,
2,38.5066790075,-77.3087883148,321,
2,38.5070678717,-77.3086699432,322,
2,38.5076994006,-77.3084345371,323,
2,38.5082466958,-77.3081626261,324,
2,38.5086329477,-77.3079378493,325,
2,38.5092522426,-77.3075015945,326,
2,38.5098955488,-77.306977131,327,
2,38.5104631749,-77.3064475798,328,
2,38.5109675486,-77.3059452183,329,
2,38.5115372538,-77.3052960506,330,
2,38.5129349295,-77.3035537918,331,
2,38.5136131681,-77.3026752269,332,
2,38.5154803716,-77.3002187351,333,
2,38.5164251611,-77.2989885621,334,
2,38.5171945553,-77.2979872239,335,
2,38.5180382407,-77.2969034553,336,
2,38.5186245196,-77.2961659241,337,
2,38.5188927982,-77.2958560275,338,
2,38.5191985248,-77.2955256111,339,
2,38.5197244307,-77.2949872198,340,
2,38.5203897387,-77.294359049,341,
2,38.5223808398,-77.2927430671,342,
2,38.5235126686,-77.2918402372,343,
2,38.5242905817,-77.2912261928,344,
2,38.5250792969,-77.2905828554,345,
2,38.5258980116,-77.2898857152,346,
2,38.5265038924,-77.2893041444,347,
2,38.528695795,-77.2872729738,348,
2,38.5304838275,-77.2858841995,349,
2,38.5312745592,-77.2854213085,350,
2,38.5321391219,-77.2849968272,351,
2,38.5334622815,-77.2843909161,352,
2,38.5352872866,-77.2836080841,353,
2,38.5385950958,-77.2820613845,354,
2,38.5417747065,-77.2805027159,355,
2,38.544493616,-77.2792515318,356,
2,38.5456367189,-77.2787140227,357,
2,38.5468541715,-77.2780564774,358,
2,38.547600766,-77.2775753275,359,
2,38.5483343457,-77.2770633162,360,
2,38.5488021352,-77.2766941434,361,
2,38.5497263075,-77.275900255,362,
2,38.5508255903,-77.2748300784,363,
2,38.5512759697,-77.2743360455,364,
2,38.5518544857,-77.2736345408,365,
2,38.5527387034,-77.2724939531,366,
2,38.553536277,-77.2713276438,367,
2,38.5544498236,-77.2699107923,368,
2,38.555164278,-77.2688278667,369,
2,38.5563985405,-77.266878886,370,
2,38.5574911895,-77.265283969,371,
2,38.5578029341,-77.2649116535,372,
2,38.5583637389,-77.2643051569,373,
2,38.5589417054,-77.2637858998,374,
2,38.5596607868,-77.2632771922,375,
2,38.5600955935,-77.2630176579,376,
2,38.5605257464,-77.2628000119,377,
2,38.5609788588,-77.262602105,378,
2,38.5613375068,-77.2624800249,379,
2,38.5619198065,-77.2623341161,380,
2,38.5624128603,-77.2622555829,381,
2,38.5628928319,-77.262218486,382,
2,38.5640435544,-77.2622471226,383,
2,38.5644646734,-77.2622700928,384,
2,38.5655035939,-77.2623218697,385,
2,38.5662904664,-77.26238735,386,
2,38.5669132651,-77.262459615,387,
2,38.5687526564,-77.2627032087,388,
2,38.5694996085,-77.2628010517,389,
2,38.5704291556,-77.2629220949,390,
2,38.5713501302,-77.2630558175,391,
2,38.5717845713,-77.2631326811,392,
2,38.5722591264,-77.2632580187,393,
2,38.5727219128,-77.2634282578,394,
2,38.575171874,-77.2644669778,395,
2,38.5776761299,-77.2655138241,396,
2,38.5782561075,-77.2657214269,397,
2,38.5786741278,-77.2658371411,398,
2,38.579397687,-77.2659596937,399,
2,38.5801520246,-77.2659976433,400,
2,38.5807399392,-77.2659621097,401,
2,38.5812080233,-77.2658967227,402,
2,38.5815126176,-77.2658400723,403,
2,38.5818953509,-77.2657478952,404,
2,38.5822973529,-77.2655970001,405,
2,38.5825572073,-77.2655032505,406,
2,38.582659867,-77.2654475928,407,
2,38.5830817922,-77.2652332817,408,
2,38.5835095415,-77.2649827764,409,
2,38.5839179752,-77.2647195611,410,
2,38.5849268801,-77.2639742055,411,
2,38.5852644108,-77.2637508337,412,
2,38.5853244136,-77.2637146859,413,
2,38.5854037419,-77.263665715,414,
2,38.585918861,-77.2632942029,415,
2,38.5876078536,-77.2620414789,416,
2,38.5879007019,-77.261848536,417,
2,38.5889399266,-77.261074319,418,
2,38.5893851871,-77.2607447337,419,
2,38.5896601867,-77.2605455893,420,
2,38.5901606764,-77.2602100952,421,
2,38.5909354072,-77.2597437696,422,
2,38.5916324159,-77.2593812784,423,
2,38.5921126959,-77.2591497382,424,
2,38.5923912259,-77.2590184889,425,
2,38.5926644647,-77.2589190663,426,
2,38.5928002352,-77.2588702768,427,
2,38.5929933539,-77.2587937173,428,
2,38.5931496011,-77.258747794,429,
2,38.5953071162,-77.2581520949,430,
2,38.5959078024,-77.2579335284,431,
2,38.5983462279,-77.2572467051,432,
2,38.5990964808,-77.2570423849,433,
2,38.59933658,-77.2569416306,434,
2,38.5994791243,-77.2568840389,435,
2,38.5997872023,-77.2567812731,436,
2,38.6008648733,-77.2564897867,437,
2,38.6010540698,-77.2564490193,438,
2,38.6011722784,-77.2564248895,439,
2,38.6013430853,-77.2563964991,440,
2,38.6037599981,-77.2557213314,441,
2,38.6062295811,-77.2550352787,442,
2,38.607611587,-77.254644547,443,
2,38.6086147228,-77.2543766211,444,
2,38.6091713116,-77.2542110803,445,
2,38.6093821076,-77.2541558608,446,
2,38.6097804109,-77.2540395495,447,
2,38.6104022761,-77.2538969648,448,
2,38.611146954,-77.2537337048,449,
2,38.6124503373,-77.25349404,450,
2,38.6142700958,-77.2531939336,451,
2,38.6175241312,-77.2526542034,452,
2,38.6205470053,-77.2521462588,453,
2,38.6223221381,-77.2518384202,454,
2,38.6230301116,-77.2517299416,455,
2,38.6241633684,-77.2516123426,456,
2,38.6253754871,-77.2515354333,457,
2,38.6267021555,-77.2515103674,458,
2,38.6297265974,-77.2514713763,459,
2,38.6328157177,-77.2514399099,460,
2,38.6349990996,-77.251460909,461,
2,38.6382341099,-77.2514137231,462,
2,38.641740299,-77.2513807111,463,
2,38.643716104,-77.2513575727,464,
2,38.6450608498,-77.2513648624,465,
2,38.6464249454,-77.2513538848,466,
2,38.6477405432,-77.2513656632,467,
2,38.6484160071,-77.2513425162,468,
2,38.6501999799,-77.2511874647,469,
2,38.6510951504,-77.2511001977,470,
2,38.6521324909,-77.2509296218,471,
2,38.6528735221,-77.2507423415,472,
2,38.6537811947,-77.2504891507,473,
2,38.6546200892,-77.2502101125,474,
2,38.6549026347,-77.25014024,475,
2,38.6554164389,-77.2499344835,476,
2,38.6564491059,-77.2495196027,477,
2,38.6577825175,-77.2489005009,478,
2,38.6585380298,-77.2485208524,479,
2,38.6595766108,-77.2479331749,480,
2,38.6600982325,-77.247602204,481,
2,38.660511294,-77.247333384,482,
2,38.6611556764,-77.2468705539,483,
2,38.662390431,-77.2459322636,484,
2,38.6632589682,-77.2452243047,485,
2,38.6643051319,-77.2442628009,486,
2,38.6645966359,-77.2439761254,487,
2,38.6649463426,-77.2436086096,488,
2,38.6653946158,-77.2430872362,489,
2,38.6657348866,-77.2426571069,490,
2,38.6663683753,-77.2417757286,491,
2,38.6665426586,-77.2415306248,492,
2,38.6679346095,-77.2394875797,493,
2,38.6680363756,-77.2393091902,494,
2,38.6685965495,-77.2384842021,495,
2,38.6697897565,-77.2367197021,496,
2,38.6709167141,-77.2350700661,497,
2,38.6716196851,-77.2340261401,498,
2,38.6725733314,-77.2326297118,499,
2,38.6733701457,-77.2315148511,500,
2,38.6739136825,-77.2308836293,501,
2,38.6744382993,-77.2303872968,502,
2,38.6749056171,-77.2300120614,503,
2,38.6755823814,-77.229558457,504,
2,38.6759030761,-77.2293817886,505,
2,38.6764214632,-77.2291360214,506,
2,38.6769114509,-77.2289544818,507,
2,38.6774603195,-77.2288013183,508,
2,38.6780299426,-77.2286782128,509,
2,38.6781376747,-77.2286594523,510,
2,38.6783177462,-77.2286187927,511,
2,38.6788624253,-77.2285134732,512,
2,38.6822643194,-77.227845572,513,
2,38.6847159687,-77.2273696327,514,
2,38.6871468195,-77.2268702523,515,
2,38.6885155154,-77.2265033253,516,
2,38.6898631642,-77.2260799704,517,
2,38.6920844555,-77.2253597029,518,
2,38.6942472029,-77.2246585938,519,
2,38.6960983339,-77.2240638458,520,
2,38.6967579947,-77.2238339372,521,
2,38.7002109753,-77.2227317033,522,
2,38.7031025392,-77.2217967768,523,
2,38.7049633511,-77.2212225503,524,
2,38.7053117457,-77.2211028656,525,
2,38.7055937702,-77.2210033496,526,
2,38.7057104489,-77.2209665402,527,
2,38.7066812324,-77.2206685836,528,
2,38.7073934925,-77.2204050354,529,
2,38.7084195562,-77.2200857328,530,
2,38.7093365737,-77.219777305,531,
2,38.7102565106,-77.2193632622,532,
2,38.7108168617,-77.2190447286,533,
2,38.7113571836,-77.2186814314,534,
2,38.7117345876,-77.2183666415,535,
2,38.7119971137,-77.2181202681,536,
2,38.7122144146,-77.2179129641,537,
2,38.7127936365,-77.2172668188,538,
2,38.7135438041,-77.216434881,539,
2,38.7149347127,-77.2147699604,540,
2,38.7165573869,-77.2129128073,541,
2,38.7179082548,-77.2113485101,542,
2,38.7188730926,-77.2102298106,543,
2,38.7199911131,-77.2089096379,544,
2,38.720655017,-77.2080502739,545,
2,38.7212079182,-77.2072316811,546,
2,38.7217019582,-77.2064108832,547,
2,38.722114478,-77.2056694988,548,
2,38.7222774075,-77.2053296883,549,
2,38.7227986798,-77.204177659,550,
2,38.7229619094,-77.2037974528,551,
2,38.7232560829,-77.203022855,552,
2,38.725059976,-77.1983431124,553,
2,38.7266806343,-77.1941671915,554,
2,38.7270927375,-77.1931131739,555,
2,38.7274872242,-77.192126247,556,
2,38.7280327429,-77.1910818606,557,
2,38.7285166732,-77.1903386688,558,
2,38.7290869109,-77.189620647,559,
2,38.7294909923,-77.1891708735,560,
2,38.7300027085,-77.1886988439,561,
2,38.7304547635,-77.1883167396,562,
2,38.7307718032,-77.1881125958,563,
2,38.7314888042,-77.1877115347,564,
2,38.7322114794,-77.1874014677,565,
2,38.7343553245,-77.1867854814,566,
2,38.7349529965,-77.1866119427,567,
2,38.7353275752,-77.1865181023,568,
2,38.737689737,-77.1858404584,569,
2,38.738322345,-77.1856647407,570,
2,38.7388451412,-77.1855150202,571,
2,38.7399111659,-77.185209085,572,
2,38.7407346642,-77.1849650332,573,
2,38.742121618,-77.1845199161,574,
2,38.7429439908,-77.1842567396,575,
2,38.7433555402,-77.184095135,576,
2,38.7444315136,-77.1836685452,577,
2,38.7456142952,-77.1831672493,578,
2,38.7461229761,-77.1829244895,579,
2,38.7471993813,-77.1824414718,580,
2,38.7484136837,-77.1817518793,581,
2,38.7511434337,-77.1802116929,582,
2,38.7529074757,-77.1791163794,583,
2,38.7535048632,-77.1787391223,584,
2,38.7550332858,-77.1778020437,585,
2,38.7558472428,-77.1772911464,586,
2,38.7567707904,-77.1767236192,587,
2,38.7573641526,-77.1763661917,588,
2,38.75779143,-77.1760981316,589,
2,38.7582435257,-77.1757963221,590,
2,38.7588559949,-77.1754477586,591,
2,38.7598242487,-77.1748157329,592,
2,38.7618617588,-77.1735678127,593,
2,38.7624595005,-77.1731922225,594,
2,38.763181894,-77.1726425766,595,
2,38.7640566965,-77.1718124095,596,
2,38.7648715611,-77.1707517558,597,
2,38.7654441568,-77.1697663132,598,
2,38.7660134972,-77.1684833613,599,
2,38.7665731311,-77.1671563987,600,
2,38.7673128521,-77.1653898246,601,
2,38.7675992687,-77.1646464554,602,
2,38.7678797305,-77.1640371037,603,
2,38.7684585757,-77.1629967532,604,
2,38.7689699047,-77.1621881326,605,
2,38.7694985173,-77.1614769397,606,
2,38.7702110781,-77.160625344,607,
2,38.7707603812,-77.1600328635,608,
2,38.7715456317,-77.1593586236,609,
2,38.7721630938,-77.1588683594,610,
2,38.772702806,-77.1584957017,611,
2,38.7735024866,-77.1580568922,612,
2,38.7742700084,-77.157716997,613,
2,38.7748088843,-77.1575021018,614,
2,38.7753918014,-77.1573305818,615,
2,38.7762589694,-77.1571383333,616,
2,38.777255187,-77.1569619132,617,
2,38.7814585168,-77.1562704702,618,
2,38.7847948029,-77.1557113059,619,
2,38.7873684183,-77.1553054422,620,
2,38.7898975115,-77.1548855953,621,
2,38.7905440859,-77.1547449704,622,
2,38.7913506961,-77.1544789172,623,
2,38.7923414528,-77.1539972828,624,
2,38.7931378807,-77.1533999534,625,
2,38.7940359623,-77.1525556782,626,
2,38.794522813,-77.1519705046,627,
2,38.7949062014,-77.1514301222,628,
2,38.7953098949,-77.1507587074,629,
2,38.7957133915,-77.149991504,630,
2,38.796078267,-77.1490582814,631,
2,38.7962917014,-77.148420816,632,
2,38.7964956704,-77.1476025154,633,
2,38.7966676175,-77.1467294964,634,
2,38.7970892302,-77.1437872723,635,
2,38.797354386,-77.1419241989,636,
2,38.7978171973,-77.1387325274,637,
2,38.7981711006,-77.1361023337,638,
2,38.7985714602,-77.1332681908,639,
2,38.79915266,-77.1290879944,640,
2,38.7993331345,-77.127805129,641,
2,38.7997037562,-77.1250136593,642,
2,38.8001153077,-77.1222646556,643,
2,38.8005383826,-77.1198870742,644,
2,38.8011034039,-77.1175592992,645,
2,38.8021717696,-77.114403028,646,
2,38.802969617,-77.1125597435,647,
2,38.8042917501,-77.1099947148,648,
2,38.8058113581,-77.1074057065,649,
2,38.8064593494,-77.106153798,650,
2,38.8069293502,-77.1044991143,651,
2,38.8072648134,-77.1029423653,652,
2,38.8073899077,-77.1013107969,653,
2,38.8071944347,-77.0991489937,654,
2,38.8068263562,-77.0971668703,655,
2,38.8062136829,-77.0940165722,656,
2,38.8058771622,-77.0917620573,657,
2,38.8056797438,-77.089468608,658,
2,38.8053729454,-77.0837782624,659,
2,38.8049842691,-77.0783595822,660,
2,38.8048866356,-77.0764618282,661,
2,38.8045040193,-77.0701048345,662,
2,38.8044567906,-77.0682027615,663,
2,38.8045302761,-77.0672324775,664,
2,38.8048518432,-77.0656067834,665,
2,38.8052586555,-77.0643241071,666,
2,38.8055056015,-77.0637289142,667,
2,38.8069289951,-77.0609992446,668,
2,38.8075630424,-77.059986028,669,
2,38.8085490224,-77.0587228927,670,
2,38.8093681909,-77.057769896,671,
2,38.810463008,-77.0567226484,672,
2,38.8130491051,-77.0548270267,673,
2,38.8191969877,-77.05044307,674,
2,38.8230713462,-77.047758769,675,
2,38.8239707271,-77.0473133327,676,
2,38.8246112344,-77.0470728152,677,
2,38.8252235066,-77.0469227726,678,
2,38.8261697087,-77.0468766862,679,
2,38.8295055573,-77.0469896827,680,
2,38.8321243747,-77.0471130812,681,
2,38.8333094866,-77.0470310924,682,
2,38.8349824553,-77.0468347088,683,
2,38.8360500249,-77.0467594776,684,
2,38.8371230177,-77.046870808,685,
2,38.8379080958,-77.0471236418,686,
2,38.8384648069,-77.0473856957,687,
2,38.8399399269,-77.048248351,688,
2,38.8405560838,-77.0485965968,689,
2,38.8415663045,-77.0491748845,690,
2,38.8424283698,-77.0495536084,691,
2,38.8439965925,-77.0500069765,692,
2,38.8448920727,-77.0502461607,693,
2,38.8458854582,-77.0504716021,694,
2,38.8463072325,-77.0505162083,695,
2,38.8470214146,-77.0505334726,696,
2,38.84794609,-77.0504391779,697,
2,38.8482343908,-77.0503666852,698,
2,38.8493744825,-77.0499613697,699,
2,38.8500209828,-77.049641996,700,
2,38.8505535185,-77.0493112901,701,
2,38.8514713634,-77.0487216111,702,
2,38.8519582783,-77.0484388182,703,
2,38.8523748008,-77.0482624001,704,
2,38.8535418439,-77.0479984987,705,
2,38.854929379,-77.047753176,706,
2,38.8559281041,-77.0478086102,707,
2,38.85662959,-77.0479403891,708,
2,38.8582574207,-77.0483332367,709,
2,38.8587484271,-77.0483319419,710,
2,38.8605961385,-77.0480875459,711,
2,38.8618791057,-77.0480661488,712,
2,38.8624468518,-77.0480170698,713,
2,38.8630546522,-77.0477657111,714,
2,38.8643822739,-77.047042532,715,
2,38.8650066304,-77.0466722162,716,
2,38.8661755096,-77.04580648,717,
2,38.8677456802,-77.0445063265,718,
2,38.8693673824,-77.0431082692,719,
2,38.8705671283,-77.0420688816,720,
2,38.871102011,-77.0416080397,721,
2,38.8714715578,-77.0412865879,722,
2,38.8772001283,-77.0363432105,723,
2,38.8772702261,-77.0362929825,724,
2,38.8779168773,-77.0357608864,725,
2,38.8787722892,-77.035118255,726,
2,38.8789209911,-77.0350094208,727,
2,38.8793135709,-77.034722683,728,
2,38.879453005,-77.0346297663,729,
2,38.8800266752,-77.0342219887,730,
2,38.8808108331,-77.0336620234,731,
2,38.8816315231,-77.0330635561,732,
2,38.8820926031,-77.0327430874,733,
2,38.8823085472,-77.0325672886,734,
2,38.8825961747,-77.0323596529,735,
2,38.8829025165,-77.0321385478,736,
2,38.8830650363,-77.0319869981,737,
2,38.8831844512,-77.0318582642,738,
2,38.883563162,-77.031333079,739,
2,38.8837583657,-77.0309729538,740,
2,38.883941769,-77.0304524057,741,
2,38.8846385704,-77.0279525258,742,
2,38.8849306393,-77.0268200925,743,
2,38.8852988145,-77.0255216885,744,
2,38.8857075159,-77.0240489476,745,
2,38.8858090865,-77.023627892,746,
2,38.8858566983,-77.0233846236,747,
2,38.8858810306,-77.0229600306,748,
2,38.8858784303,-77.0227940463,749,
2,38.8858542497,-77.0225482523,750,
2,38.8858018289,-77.0222638712,751,
2,38.885649775,-77.0216809116,752,
2,38.884596163,-77.0179145815,753,
2,38.8836257613,-77.0144702237,754,
2,38.8833992478,-77.0128983585,755,
2,38.8834434523,-77.0120634043,756,
2,38.8836072108,-77.0107226812,757,
2,38.8839525385,-77.0094124524,758,
2,38.8843641352,-77.0083631319,759,
2,38.884801108,-77.0075844081,760,
2,38.8983405028,-77.0050725428,761,
4,38.729079,-77.526515,1,
4,38.729844,-77.525218,2,
4,38.730577,-77.524257,3,
4,38.730984,-77.523611,4,
4,38.731603,-77.522551,5,
4,38.732132,-77.521651,6,
4,38.732716,-77.520636,7,
4,38.733647,-77.519043,8,
4,38.734148,-77.518183,9,
4,38.735048,-77.51663,10,
4,38.735628,-77.515638,11,
4,38.73654,-77.51407,12,
4,38.737221,-77.512917,13,
4,38.739152,-77.509585,14,
4,38.739822,-77.50842,15,
4,38.740644,-77.507018,16,
4,38.741501,-77.505483,17,
4,38.742034,-77.50446,18,
4,38.742673,-77.503208,19,
4,38.743498,-77.501481,20,
4,38.743796,-77.500806,21,
4,38.744075,-77.500145,22,
4,38.744444,-77.499286,23,
4,38.744761,-77.498484,24,
4,38.745032,-77.497819,25,
4,38.745436,-77.496735,26,
4,38.745814,-77.495669,27,
4,38.746153,-77.494681,28,
4,38.74646,-77.493714,29,
4,38.746885,-77.492336,30,
4,38.747147,-77.491494,31,
4,38.747357,-77.49068,32,
4,38.747583,-77.48979,33,
4,38.747837,-77.488809,34,
4,38.748008,-77.488032,35,
4,38.748223,-77.48704,36,
4,38.748454,-77.485942,37,
4,38.748628,-77.48505,38,
4,38.748832,-77.483874,39,
4,38.749006,-77.48277,40,
4,38.749266,-77.480947,41,
4,38.749471,-77.479287,42,
4,38.749786,-77.47665,43,
4,38.749944,-77.475284,44,
4,38.750091,-77.474074,45,
4,38.750229,-77.472912,46,
4,38.750363,-77.471691,47,
4,38.75058,-77.469909,48,
4,38.75071,-77.468783,49,
4,38.750966,-77.466845,50,
4,38.751295,-77.465096,51,
4,38.751554,-77.464011,52,
4,38.751962,-77.462629,53,
4,38.75222,-77.461895,54,
4,38.752727,-77.460636,55,
4,38.753115,-77.459808,56,
4,38.753482,-77.459101,57,
4,38.753789,-77.458558,58,
4,38.754385,-77.457609,59,
4,38.755299,-77.456179,60,
4,38.756144,-77.454903,61,
4,38.757669,-77.452595,62,
4,38.758995,-77.450595,63,
4,38.759499,-77.449833,64,
4,38.760841,-77.447793,65,
4,38.761078,-77.447445,66,
4,38.761614,-77.446624,67,
4,38.762328,-77.445539,68,
4,38.76335,-77.443988,69,
4,38.763706,-77.443443,70,
4,38.764211,-77.442696,71,
4,38.764756,-77.441926,72,
4,38.765865,-77.440487,73,
4,38.766557,-77.439673,74,
4,38.767269,-77.438879,75,
4,38.767817,-77.438303,76,
4,38.768442,-77.437669,77,
4,38.768963,-77.437169,78,
4,38.769589,-77.436596,79,
4,38.770302,-77.436007,80,
4,38.770487,-77.435873,81,
4,38.77087,-77.435609,82,
4,38.771272,-77.435393,83,
4,38.771686,-77.4352,84,
4,38.772146,-77.435052,85,
4,38.772397,-77.435,86,
4,38.772797,-77.434938,87,
4,38.773146,-77.434939,88,
4,38.773489,-77.434935,89,
4,38.774235,-77.435018,90,
4,38.774615,-77.435077,91,
4,38.775073,-77.435137,92,
4,38.775582,-77.435146,93,
4,38.77596,-77.43512,94,
4,38.776529,-77.435002,95,
4,38.776915,-77.434889,96,
4,38.777432,-77.434608,97,
4,38.777961,-77.434187,98,
4,38.778274,-77.433876,99,
4,38.778585,-77.433486,100,
4,38.778757,-77.433176,101,
4,38.778917,-77.432944,102,
4,38.77918,-77.432408,103,
4,38.779304,-77.43208,104,
4,38.779468,-77.43154,105,
4,38.779567,-77.430958,106,
4,38.779614,-77.430505,107,
4,38.779625,-77.430069,108,
4,38.779598,-77.429685,109,
4,38.779543,-77.429092,110,
4,38.779448,-77.428669,111,
4,38.779287,-77.428057,112,
4,38.779143,-77.427667,113,
4,38.779004,-77.427352,114,
4,38.77874,-77.426782,115,
4,38.778499,-77.42631,116,
4,38.778177,-77.425651,117,
4,38.777934,-77.425146,118,
4,38.777752,-77.424773,119,
4,38.777517,-77.424163,120,
4,38.777349,-77.423678,121,
4,38.776873,-77.422113,122,
4,38.776675,-77.421484,123,
4,38.776607,-77.421253,124,
4,38.776411,-77.42061,125,
4,38.776167,-77.419945,126,
4,38.775964,-77.41949,127,
4,38.775682,-77.418907,128,
4,38.774682,-77.416824,129,
4,38.774565,-77.416551,130,
4,38.77445,-77.416236,131,
4,38.774301,-77.41571,132,
4,38.774246,-77.415389,133,
4,38.774209,-77.415076,134,
4,38.774199,-77.414629,135,
4,38.774252,-77.413949,136,
4,38.774326,-77.413401,137,
4,38.774492,-77.41257,138,
4,38.774824,-77.41124,139,
4,38.774971,-77.410659,140,
4,38.775174,-77.40987,141,
4,38.775359,-77.409161,142,
4,38.775588,-77.408391,143,
4,38.77585,-77.407702,144,
4,38.776184,-77.406961,145,
4,38.776381,-77.406567,146,
4,38.776681,-77.405917,147,
4,38.776884,-77.405424,148,
4,38.776969,-77.405171,149,
4,38.777082,-77.404751,150,
4,38.777175,-77.404265,151,
4,38.77727,-77.403693,152,
4,38.777437,-77.402631,153,
4,38.777527,-77.401996,154,
4,38.777577,-77.401678,155,
4,38.777665,-77.401049,156,
4,38.777799,-77.400175,157,
4,38.777966,-77.399064,158,
4,38.778141,-77.397936,159,
4,38.778362,-77.396506,160,
4,38.77869,-77.394354,161,
4,38.778765,-77.393814,162,
4,38.778871,-77.393116,163,
4,38.779017,-77.392341,164,
4,38.779168,-77.39161,165,
4,38.779275,-77.39124,166,
4,38.779468,-77.390556,167,
4,38.779673,-77.389974,168,
4,38.780164,-77.388789,169,
4,38.780897,-77.387101,170,
4,38.781715,-77.385207,171,
4,38.782328,-77.383802,172,
4,38.782504,-77.383396,173,
4,38.782798,-77.382713,174,
4,38.782943,-77.382323,175,
4,38.78308,-77.381828,176,
4,38.783147,-77.381544,177,
4,38.783245,-77.380882,178,
4,38.783277,-77.380358,179,
4,38.783275,-77.380008,180,
4,38.783269,-77.379753,181,
4,38.783215,-77.379242,182,
4,38.783157,-77.378939,183,
4,38.783073,-77.378595,184,
4,38.782942,-77.378155,185,
4,38.782816,-77.377814,186,
4,38.782617,-77.377251,187,
4,38.782463,-77.376776,188,
4,38.78226,-77.376217,189,
4,38.782105,-77.37573,190,
4,38.781987,-77.375282,191,
4,38.78192,-77.374938,192,
4,38.781838,-77.374259,193,
4,38.781826,-77.373761,194,
4,38.781875,-77.373091,195,
4,38.781969,-77.372526,196,
4,38.782116,-77.371986,197,
4,38.782285,-77.371526,198,
4,38.782418,-77.371223,199,
4,38.782597,-77.370853,200,
4,38.782764,-77.370593,201,
4,38.783168,-77.369955,202,
4,38.783501,-77.369433,203,
4,38.784068,-77.368556,204,
4,38.784632,-77.367691,205,
4,38.784929,-77.367209,206,
4,38.785584,-77.366258,207,
4,38.786002,-77.365655,208,
4,38.786271,-77.365332,209,
4,38.786575,-77.365025,210,
4,38.786971,-77.364693,211,
4,38.787612,-77.364164,212,
4,38.788901,-77.363125,213,
4,38.789374,-77.362742,214,
4,38.789736,-77.362422,215,
4,38.789974,-77.362178,216,
4,38.790319,-77.361727,217,
4,38.790887,-77.360876,218,
4,38.792939,-77.357788,219,
4,38.7938,-77.356453,220,
4,38.794914,-77.354744,221,
4,38.795706,-77.353541,222,
4,38.796012,-77.353073,223,
4,38.796349,-77.352569,224,
4,38.796644,-77.352108,225,
4,38.796912,-77.35162,226,
4,38.797054,-77.351303,227,
4,38.797229,-77.350893,228,
4,38.79741,-77.350319,229,
4,38.797596,-77.349532,230,
4,38.797697,-77.348967,231,
4,38.797782,-77.348332,232,
4,38.797827,-77.347759,233,
4,38.797844,-77.347162,234,
4,38.797841,-77.34671,235,
4,38.797825,-77.346207,236,
4,38.797762,-77.344981,237,
4,38.797743,-77.343609,238,
4,38.797787,-77.343218,239,
4,38.797861,-77.342719,240,
4,38.797944,-77.342347,241,
4,38.79809,-77.341848,242,
4,38.798732,-77.340105,243,
4,38.798916,-77.339552,244,
4,38.799022,-77.339154,245,
4,38.799097,-77.338823,246,
4,38.799168,-77.338407,247,
4,38.799223,-77.33783,248,
4,38.799234,-77.337492,249,
4,38.799212,-77.336867,250,
4,38.799147,-77.336117,251,
4,38.799082,-77.335471,252,
4,38.799025,-77.334839,253,
4,38.798978,-77.334261,254,
4,38.79896,-77.333647,255,
4,38.798978,-77.332957,256,
4,38.799045,-77.332121,257,
4,38.799094,-77.3317,258,
4,38.799212,-77.331014,259,
4,38.799301,-77.330631,260,
4,38.799766,-77.329005,261,
4,38.800295,-77.327222,262,
4,38.800483,-77.326574,263,
4,38.800608,-77.326003,264,
4,38.800675,-77.325601,265,
4,38.800721,-77.325118,266,
4,38.800737,-77.324818,267,
4,38.800737,-77.324242,268,
4,38.800707,-77.323578,269,
4,38.800605,-77.321864,270,
4,38.800501,-77.320144,271,
4,38.800403,-77.31849,272,
4,38.80036,-77.317709,273,
4,38.80035,-77.317042,274,
4,38.800374,-77.315784,275,
4,38.800392,-77.314688,276,
4,38.800416,-77.31349,277,
4,38.800432,-77.312716,278,
4,38.800446,-77.312149,279,
4,38.800436,-77.311586,280,
4,38.800402,-77.310977,281,
4,38.800301,-77.310195,282,
4,38.800211,-77.309663,283,
4,38.800049,-77.308989,284,
4,38.799892,-77.308457,285,
4,38.798572,-77.304687,286,
4,38.798077,-77.303267,287,
4,38.797788,-77.302463,288,
4,38.797606,-77.301804,289,
4,38.797511,-77.301387,290,
4,38.797441,-77.300835,291,
4,38.797403,-77.300104,292,
4,38.797407,-77.299608,293,
4,38.797524,-77.297431,294,
4,38.797679,-77.294425,295,
4,38.797758,-77.293013,296,
4,38.797812,-77.291986,297,
4,38.797885,-77.290589,298,
4,38.79799,-77.288689,299,
4,38.798071,-77.287165,300,
4,38.798234,-77.283998,301,
4,38.79834,-77.282049,302,
4,38.798442,-77.280104,303,
4,38.798516,-77.27864,304,
4,38.798511,-77.278026,305,
4,38.798437,-77.277357,306,
4,38.798332,-77.276854,307,
4,38.798171,-77.276322,308,
4,38.797927,-77.27571,309,
4,38.797609,-77.274986,310,
4,38.796519,-77.272532,311,
4,38.795972,-77.271272,312,
4,38.79563,-77.270513,313,
4,38.79527,-77.26971,314,
4,38.795058,-77.26923,315,
4,38.794854,-77.268767,316,
4,38.794544,-77.26802,317,
4,38.79443,-77.267709,318,
4,38.794234,-77.267098,319,
4,38.794109,-77.266644,320,
4,38.794009,-77.266192,321,
4,38.793904,-77.265634,322,
4,38.79382,-77.264987,323,
4,38.793792,-77.26475,324,
4,38.793757,-77.264242,325,
4,38.79374,-77.2636,326,
4,38.793748,-77.263066,327,
4,38.793763,-77.262807,328,
4,38.7938,-77.262326,329,
4,38.793855,-77.261881,330,
4,38.79391,-77.261503,331,
4,38.793978,-77.261121,332,
4,38.794157,-77.260377,333,
4,38.794364,-77.259606,334,
4,38.794851,-77.257797,335,
4,38.795184,-77.256541,336,
4,38.795366,-77.255862,337,
4,38.79543,-77.255627,338,
4,38.795576,-77.254994,339,
4,38.795624,-77.254716,340,
4,38.795687,-77.254271,341,
4,38.795716,-77.253801,342,
4,38.795744,-77.253173,343,
4,38.795827,-77.250547,344,
4,38.7959,-77.248009,345,
4,38.795909,-77.247696,346,
4,38.795958,-77.24612,347,
4,38.796061,-77.242596,348,
4,38.796125,-77.240205,349,
4,38.796146,-77.239539,350,
4,38.796167,-77.238672,351,
4,38.796146,-77.238066,352,
4,38.796096,-77.237608,353,
4,38.796015,-77.237176,354,
4,38.795895,-77.236723,355,
4,38.795746,-77.236287,356,
4,38.795109,-77.234886,357,
4,38.794145,-77.232843,358,
4,38.793333,-77.231113,359,
4,38.79283,-77.229997,360,
4,38.792659,-77.229473,361,
4,38.792543,-77.229038,362,
4,38.792472,-77.22857,363,
4,38.792427,-77.227991,364,
4,38.79244,-77.226854,365,
4,38.792515,-77.224864,366,
4,38.79258,-77.223126,367,
4,38.792651,-77.22143,368,
4,38.792659,-77.220373,369,
4,38.79272,-77.219335,370,
4,38.792756,-77.218297,371,
4,38.79279,-77.217392,372,
4,38.792898,-77.214433,373,
4,38.793048,-77.210405,374,
4,38.793196,-77.206256,375,
4,38.79324,-77.205362,376,
4,38.793344,-77.204344,377,
4,38.793511,-77.203443,378,
4,38.793677,-77.202789,379,
4,38.793867,-77.202195,380,
4,38.794407,-77.200794,381,
4,38.795717,-77.19751,382,
4,38.796896,-77.194585,383,
4,38.797313,-77.193551,384,
4,38.797436,-77.193199,385,
4,38.797628,-77.1926,386,
4,38.797817,-77.191854,387,
4,38.79798,-77.19083,388,
4,38.798067,-77.189856,389,
4,38.798054,-77.188979,390,
4,38.798017,-77.188362,391,
4,38.79795,-77.18783,392,
4,38.79789,-77.187414,393,
4,38.79773,-77.186632,394,
4,38.797603,-77.186061,395,
4,38.797404,-77.185314,396,
4,38.797182,-77.184538,397,
4,38.796802,-77.18344,398,
4,38.796699,-77.183203,399,
4,38.796621,-77.183024,400,
4,38.795789,-77.181422,401,
4,38.794057,-77.178273,402,
4,38.793686,-77.177549,403,
4,38.793386,-77.176852,404,
4,38.793096,-77.176043,405,
4,38.7929,-77.1753,406,
4,38.792733,-77.17449,407,
4,38.792582,-77.173265,408,
4,38.792565,-77.172076,409,
4,38.79257,-77.171633,410,
4,38.792747,-77.169416,411,
4,38.793024,-77.167111,412,
4,38.793163,-77.166241,413,
4,38.793453,-77.164619,414,
4,38.793662,-77.1636,415,
4,38.794373,-77.160745,416,
4,38.796172,-77.154085,417,
4,38.79703,-77.150864,418,
4,38.797644,-77.148606,419,
4,38.799292,-77.142462,420,
4,38.79993,-77.140127,421,
4,38.80164,-77.133709,422,
4,38.803005,-77.128436,423,
4,38.804586,-77.122535,424,
4,38.804871,-77.121472,425,
4,38.805175,-77.120273,426,
4,38.805544,-77.118697,427,
4,38.80597,-77.116502,428,
4,38.806212,-77.114655,429,
4,38.8064927087,-77.1115600683,430,
4,38.8064966758,-77.1088141349,431,
4,38.8063522838,-77.1053109489,432,
4,38.8057842357,-77.0944834704,433,
4,38.8055479814,-77.0913697396,434,
4,38.8052739421,-77.0840984664,435,
4,38.8049591956,-77.077978933,436,
4,38.8044786152,-77.0695672116,437,
4,38.8044520128,-77.0681305728,438,
4,38.8045162685,-77.0672699422,439,
4,38.8046623549,-77.0664841366,440,
4,38.8048296876,-77.0656449069,441,
4,38.8049517537,-77.0652577063,442,
4,38.8054737779,-77.063761564,443,
4,38.8063595886,-77.0620701448,444,
4,38.8069364562,-77.0609806045,445,
4,38.8077519575,-77.059737733,446,
4,38.80833802,-77.0589659575,447,
4,38.8090277162,-77.0581262473,448,
4,38.8099458689,-77.0572083135,449,
4,38.8104323043,-77.056748393,450,
4,38.8125851729,-77.0551705205,451,
4,38.8159320331,-77.0527619684,452,
4,38.8201370318,-77.0497775156,453,
4,38.8208566241,-77.0492833507,454,
4,38.8215479041,-77.0487998145,455,
4,38.8224167476,-77.0481957108,456,
4,38.8230946358,-77.047734106,457,
4,38.8240438037,-77.0472826854,458,
4,38.8244782926,-77.0471230779,459,
4,38.8249347962,-77.0470022557,460,
4,38.8253192286,-77.0469347432,461,
4,38.8264370284,-77.0468791944,462,
4,38.8277240016,-77.0469251674,463,
4,38.8289619999,-77.0469612053,464,
4,38.8301774111,-77.0470246382,465,
4,38.8313286978,-77.047061317,466,
4,38.8324040689,-77.0470850917,467,
4,38.8332487106,-77.0470208908,468,
4,38.8347205557,-77.0468509556,469,
4,38.8360156157,-77.0467547926,470,
4,38.8368893514,-77.0468619208,471,
4,38.8376108833,-77.0470470098,472,
4,38.8384571725,-77.0473668715,473,
4,38.8397975954,-77.0481658474,474,
4,38.8412079674,-77.0489730496,475,
4,38.8423927531,-77.049531635,476,
4,38.8436324617,-77.0499064302,477,
4,38.8452328074,-77.0503256855,478,
4,38.8461174867,-77.0505044202,479,
4,38.8467643831,-77.0505217943,480,
4,38.8479507309,-77.0504495933,481,
4,38.8487231143,-77.0502016778,482,
4,38.8493255869,-77.0499866666,483,
4,38.8496733473,-77.0498084326,484,
4,38.8501757783,-77.0495259986,485,
4,38.8511944741,-77.0489065443,486,
4,38.8518240801,-77.0485166895,487,
4,38.8523311072,-77.0482844307,488,
4,38.8529005716,-77.0481307987,489,
4,38.8536158038,-77.0479936985,490,
4,38.8541888243,-77.0478852322,491,
4,38.8548716785,-77.0477428354,492,
4,38.8552940818,-77.0477844221,493,
4,38.8558270395,-77.0478028798,494,
4,38.8566238792,-77.0479442399,495,
4,38.8574069342,-77.048131432,496,
4,38.8582578941,-77.0483324148,497,
4,38.8587995958,-77.0483267881,498,
4,38.859881849,-77.0481793908,499,
4,38.8613317319,-77.048076054,500,
4,38.8622102412,-77.0480389895,501,
4,38.8628733901,-77.0478764778,502,
4,38.8634580057,-77.0475617519,503,
4,38.865007,-77.046672,504,
4,38.866176,-77.045806,505,
4,38.867746,-77.044506,506,
4,38.869367,-77.043108,507,
4,38.870567,-77.042069,508,
4,38.871102,-77.041608,509,
4,38.871472,-77.041287,510,
4,38.8772,-77.036343,511,
4,38.87727,-77.036293,512,
4,38.877917,-77.035761,513,
4,38.878772,-77.035118,514,
4,38.878921,-77.035009,515,
4,38.879314,-77.034723,516,
4,38.879453,-77.03463,517,
4,38.880027,-77.034222,518,
4,38.880811,-77.033662,519,
4,38.881632,-77.033064,520,
4,38.882093,-77.032743,521,
4,38.882309,-77.032567,522,
4,38.882596,-77.03236,523,
4,38.882903,-77.032139,524,
4,38.883065,-77.031987,525,
4,38.883184,-77.031858,526,
4,38.883563,-77.031333,527,
4,38.883758,-77.030973,528,
4,38.883942,-77.030452,529,
4,38.884639,-77.027953,530,
4,38.884931,-77.02682,531,
4,38.885299,-77.025522,532,
4,38.885708,-77.024049,533,
4,38.885809,-77.023628,534,
4,38.885857,-77.023385,535,
4,38.885881,-77.02296,536,
4,38.885878,-77.022794,537,
4,38.885854,-77.022548,538,
4,38.885802,-77.022264,539,
4,38.88565,-77.021681,540,
4,38.884596,-77.017915,541,
4,38.883626,-77.01447,542,
4,38.883399,-77.012898,543,
4,38.883443,-77.012063,544,
4,38.883607,-77.010723,545,
4,38.883953,-77.009412,546,
4,38.884364,-77.008363,547,
4,38.884801,-77.007584,548,
4,38.898341,-77.005073,549,
