service_id,start_date,end_date,monday,tuesday,wednesday,thursday,friday,saturday,sunday
4011_mutf_RGon,20130825,20130913,1,1,0,1,1,0,0
4075_muwtf_RRon,20130914,20131130,1,1,1,1,1,0,0
3953_u,20130825,20130913,0,1,0,0,0,0,0
3991_muwtf_REoff,20130825,20130913,0,0,0,0,0,0,0
4002_muwtf_RCoff,20130825,20130913,0,0,0,0,0,0,0
4014_w_RIon,20130914,20131130,0,0,1,0,0,0,0
3978_s,20130825,20130913,0,0,0,0,0,0,1
4054_ut_ROon,20130914,20131130,0,1,0,1,0,0,0
4020_mutf_RVon,20130914,20131130,1,1,0,1,1,0,0
3947_muwtf_RSon,20130825,20130913,1,1,1,1,1,0,0
4049_mw_RDon,20130914,20131130,1,0,1,0,0,0,0
4004_mutf_RFon,20130825,20130913,1,1,0,1,1,0,0
4045_ut_REon,20130914,20131130,0,1,0,1,0,0,0
4026_muwtf_RAoff,20130914,20131130,0,0,0,0,0,0,0
4078_muwtf_RToff,20130914,20131130,0,0,0,0,0,0,0
4016_muwtf_REoff,20130914,20131130,0,0,0,0,0,0,0
4007_ut_ROon,20130825,20130913,0,1,0,1,0,0,0
4050_w_RAon,20130914,20131130,0,0,1,0,0,0,0
3956_muwtf_RAoff,20130825,20130913,0,0,0,0,0,0,0
3961_mutf_RVon,20130825,20130913,1,1,0,1,1,0,0
4074_muwtf_RUoff,20130914,20131130,0,0,0,0,0,0,0
3942_mwtf,20130825,20130913,1,0,1,1,1,0,0
4077_muwtf_RPon,20130914,20131130,1,1,1,1,1,0,0
4032_f,20130914,20131130,0,0,0,0,1,0,0
4025_w_RGon,20130914,20131130,0,0,1,0,0,0,0
4035_mwtf,20130914,20131130,1,0,1,1,1,0,0
4064_muwtf_RRoff,20130914,20131130,0,0,0,0,0,0,0
3951_f,20130825,20130913,0,0,0,0,1,0,0
4034_mutf_RAon,20130914,20131130,1,1,0,1,1,0,0
4036_muwtf_RSon,20130914,20131130,1,1,1,1,1,0,0
3941_a,20130825,20130913,0,0,0,0,0,1,0
3997_muwtf_RLoff,20130825,20130913,0,0,0,0,0,0,0
4013_muwtf,20130825,20130913,1,1,1,1,1,0,0
3949_muwtf_RVoff,20130825,20130913,0,0,0,0,0,0,0
4072_mwf_REon,20130914,20131130,1,0,1,0,1,0,0
4062_w_RNon,20130914,20131130,0,0,1,0,0,0,0
4030_muwtf_RJoff,20130914,20131130,0,0,0,0,0,0,0
4003_muwtf_RIoff,20130825,20130913,0,0,0,0,0,0,0
3958_mut_RCon,20130825,20130913,1,1,0,1,0,0,0
3968_muwtf_RKoff,20130825,20130913,0,0,0,0,0,0,0
4086_muwtf_UMoff,20130914,20131130,0,0,0,0,0,0,0
3967_muwtf_RPon,20130825,20130913,1,1,1,1,1,0,0
3994_muwtf_RJoff,20130825,20130913,0,0,0,0,0,0,0
3975_muwtf_RQoff,20130825,20130913,0,0,0,0,0,0,0
4029_s_AZon,20130914,20131130,0,0,0,0,0,0,1
4033_w_RCon,20130914,20131130,0,0,1,0,0,0,0
4091_muwtf_RPoff,20130914,20131130,0,0,0,0,0,0,0
3988_uwtf_RQon,20130825,20130913,0,1,1,1,1,0,0
4048_muwtf_RSoff,20130914,20131130,0,0,0,0,0,0,0
3970_mutf_RTon,20130825,20130913,1,1,0,1,1,0,0
4052_mutf_RGon,20130914,20131130,1,1,0,1,1,0,0
3965_mutf_RUon,20130825,20130913,1,1,0,1,1,0,0
4083_muwtf_RGoff,20130914,20131130,0,0,0,0,0,0,0
4038_w_RFon,20130914,20131130,0,0,1,0,0,0,0
4028_muwtf_UMon,20130914,20131130,1,1,1,1,1,0,0
3963_muwtf_RToff,20130825,20130913,0,0,0,0,0,0,0
4081_muwtf_RFoff,20130914,20131130,0,0,0,0,0,0,0
4047_muwtf_RCoff,20130914,20131130,0,0,0,0,0,0,0
4080_muwtf_RJon,20130914,20131130,1,1,1,1,1,0,0
3969_mwf_REon,20130825,20130913,1,0,1,0,1,0,0
4015_muwtf_RDoff,20130914,20131130,0,0,0,0,0,0,0
4073_muwtf_RKoff,20130914,20131130,0,0,0,0,0,0,0
3979_mutf_RAoff,20130825,20130913,0,0,0,0,0,0,0
3938_w_RAon,20130825,20130913,0,0,1,0,0,0,0
4071_muwtf_RVoff,20130914,20131130,0,0,0,0,0,0,0
3995_muwtf_UMon,20130825,20130913,1,1,1,1,1,0,0
4082_muwtf_RGon,20130914,20131130,1,1,1,1,1,0,0
4044_muwtf_PHon,20130914,20131130,1,1,1,1,1,0,0
4085_muwtf_RQon,20130914,20131130,1,1,1,1,1,0,0
4005_muwtf_PHon,20130825,20130913,1,1,1,1,1,0,0
4069_mutf_RNon,20130914,20131130,1,1,0,1,1,0,0
4012_w_RAoff,20130825,20130913,0,0,0,0,0,0,0
4088_s,20130914,20131130,0,0,0,0,0,0,1
3960_muwtf_RLon,20130825,20130913,1,1,1,1,1,0,0
3998_mutf_RDon,20130825,20130913,1,1,0,1,1,0,0
4063_w_RRon,20130914,20131130,0,0,1,0,0,0,0
4065_muwtf_RLoff,20130914,20131130,0,0,0,0,0,0,0
3980_muwtf_RSoff,20130825,20130913,0,0,0,0,0,0,0
4042_muwtf_RTon,20130914,20131130,1,1,1,1,1,0,0
3945_mwf_ROon,20130825,20130913,1,0,1,0,1,0,0
3959_muwtf_RIon,20130825,20130913,1,1,1,1,1,0,0
3983_w_RGon,20130825,20130913,0,0,1,0,0,0,0
3990_w_RCon,20130825,20130913,0,0,1,0,0,0,0
4057_muwtf_RAon,20130914,20131130,1,1,1,1,1,0,0
3954_w_RVon,20130825,20130913,0,0,1,0,0,0,0
4040_muwtf_RIoff,20130914,20131130,0,0,0,0,0,0,0
4056_mutf_RIon,20130914,20131130,1,1,0,1,1,0,0
3944_muwtf_RAon,20130825,20130913,1,1,1,1,1,0,0
3972_muwtf_RRon,20130825,20130913,1,1,1,1,1,0,0
4018_w_RTon,20130914,20131130,0,0,1,0,0,0,0
4017_mut_RCon,20130914,20131130,1,1,0,1,0,0,0
4084_muwtf_RQoff,20130914,20131130,0,0,0,0,0,0,0
3976_muwtf_RQon,20130825,20130913,1,1,1,1,1,0,0
4055_a_FBoff,20130914,20131130,0,0,0,0,0,1,0
3992_w_RDon,20130825,20130913,0,0,1,0,0,0,0
3955_muwtf_RGon,20130825,20130913,1,1,1,1,1,0,0
3989_muwtf_RDoff,20130825,20130913,0,0,0,0,0,0,0
3987_ut_REon,20130825,20130913,0,1,0,1,0,0,0
3973_w_RTon,20130825,20130913,0,0,1,0,0,0,0
4079_muwtf_RIon,20130914,20131130,1,1,1,1,1,0,0
4067_u,20130914,20131130,0,1,0,0,0,0,0
3962_muwtf_RKon,20130825,20130913,1,1,1,1,1,0,0
4066_muwtf_RUon,20130914,20131130,1,1,1,1,1,0,0
4051_mutf_RAoff,20130914,20131130,0,0,0,0,0,0,0
4000_mutf_RRon,20130825,20130913,1,1,0,1,1,0,0
3974_muwtf_RPoff,20130825,20130913,0,0,0,0,0,0,0
4053_w_RAoff,20130914,20131130,0,0,0,0,0,0,0
4024_muwt,20130914,20131130,1,1,1,1,0,0,0
3939_muwtf_RGoff,20130825,20130913,0,0,0,0,0,0,0
3946_mutf_RAon,20130825,20130913,1,1,0,1,1,0,0
3940_f_RCon,20130825,20130913,0,0,0,0,1,0,0
4046_a_FBon,20130914,20131130,0,0,0,0,0,0,0
4008_m_RQon,20130825,20130913,1,0,0,0,0,0,0
4058_mwf_ROon,20130914,20131130,1,0,1,0,1,0,0
4010_mutf_RIon,20130825,20130913,1,1,0,1,1,0,0
3982_s_AZoff,20130825,20130913,0,0,0,0,0,0,0
4001_a_FBon,20130825,20130913,0,0,0,0,0,0,0
3985_muwtf_RNoff,20130825,20130913,0,0,0,0,0,0,0
4068_f_RCon,20130914,20131130,0,0,0,0,1,0,0
4089_w_RUon,20130914,20131130,0,0,1,0,0,0,0
3999_muwtf_RRoff,20130825,20130913,0,0,0,0,0,0,0
4059_mutf_RRon,20130914,20131130,1,1,0,1,1,0,0
4061_muwtf_RKon,20130914,20131130,1,1,1,1,1,0,0
3943_muwtf_RTon,20130825,20130913,1,1,1,1,1,0,0
4031_utf_RDon,20130914,20131130,0,1,0,1,1,0,0
3948_w_RNon,20130825,20130913,0,0,1,0,0,0,0
3950_muwtf_RVon,20130825,20130913,1,1,1,1,1,0,0
3937_mutf_RNon,20130825,20130913,1,1,0,1,1,0,0
4006_w_RIon,20130825,20130913,0,0,1,0,0,0,0
3977_muwtf_UMoff,20130825,20130913,0,0,0,0,0,0,0
3996_w_RRon,20130825,20130913,0,0,1,0,0,0,0
4027_muwtf_PHoff,20130914,20131130,0,0,0,0,0,0,0
4039_a,20130914,20131130,0,0,0,0,0,1,0
3966_muwtf_RUoff,20130825,20130913,0,0,0,0,0,0,0
4019_muwtf_ROoff,20130914,20131130,0,0,0,0,0,0,0
4070_uwtf_RQon,20130914,20131130,0,1,1,1,1,0,0
3993_s_AZon,20130825,20130913,0,0,0,0,0,0,1
3984_muwt,20130825,20130913,1,1,1,1,0,0,0
4060_muwtf_RLon,20130914,20131130,1,1,1,1,1,0,0
4043_mutf_RFon,20130914,20131130,1,1,0,1,1,0,0
4023_mutf_RUon,20130914,20131130,1,1,0,1,1,0,0
4090_w_RVon,20130914,20131130,0,0,1,0,0,0,0
4087_mutf_RTon,20130914,20131130,1,1,0,1,1,0,0
4009_a_FBoff,20130825,20130913,0,0,0,0,0,1,0
3952_muwtf_RUon,20130825,20130913,1,1,1,1,1,0,0
4037_muwtf,20130914,20131130,1,1,1,1,1,0,0
4076_s_AZoff,20130914,20131130,0,0,0,0,0,0,0
4041_muwtf_RVon,20130914,20131130,1,1,1,1,1,0,0
3957_muwtf_PHoff,20130825,20130913,0,0,0,0,0,0,0
3936_muwtf_RFoff,20130825,20130913,0,0,0,0,0,0,0
4021_muwtf_RNoff,20130914,20131130,0,0,0,0,0,0,0
4022_m_RQon,20130914,20131130,1,0,0,0,0,0,0
3981_w_RFon,20130825,20130913,0,0,1,0,0,0,0
3964_muwtf_RJon,20130825,20130913,1,1,1,1,1,0,0
3971_w_RUon,20130825,20130913,0,0,1,0,0,0,0
3986_muwtf_ROoff,20130825,20130913,0,0,0,0,0,0,0
