trip_id,arrival_time,departure_time,stop_id,stop_sequence,stop_headsign,pickup_type,drop_off_type
201121,5:13:00,5:13:00,201,85,,0,0
201121,5:15:00,5:15:00,2272,90,,0,0
201121,5:19:00,5:19:00,233,95,,0,0
201121,5:22:00,5:22:00,235,100,,0,0
201121,5:24:00,5:24:00,253,105,,0,0
201121,5:27:00,5:27:00,250,110,,0,0
201121,5:29:00,5:29:00,249,115,,0,0
201121,5:30:00,5:30:00,240,120,,0,0
201121,5:32:00,5:32:00,259,125,,0,0
201121,5:35:00,5:35:00,247,130,,0,0
201121,5:39:00,5:39:00,645A,131,,0,0
202131,5:56:00,5:56:00,201,85,,0,0
202131,5:58:00,5:58:00,2272,90,,0,0
202131,6:02:00,6:02:00,233,95,,0,0
202131,6:05:00,6:05:00,235,100,,0,0
202131,6:07:00,6:07:00,253,105,,0,0
202131,6:10:00,6:10:00,250,110,,0,0
202131,6:12:00,6:12:00,249,115,,0,0
202131,6:13:00,6:13:00,240,120,,0,0
202131,6:15:00,6:15:00,259,125,,0,0
202131,6:18:00,6:18:00,247,130,,0,0
202131,6:21:00,6:21:00,645A,131,,0,0
201111,6:41:00,6:41:00,226,1,,0,0
201111,6:42:00,6:42:00,224,5,,0,0
201111,6:44:00,6:44:00,222,10,,0,0
201111,6:45:00,6:45:00,220,15,,0,0
201111,6:47:00,6:47:00,218,20,,0,0
201111,6:58:00,6:58:00,251,30,,0,0
201111,7:06:00,7:06:00,209,65,,0,0
201111,7:08:00,7:08:00,205,70,,0,0
201111,7:12:00,7:12:00,230,80,,0,0
201111,7:14:00,7:14:00,201,85,,0,0
201111,7:15:00,7:15:00,2272,90,,0,0
201111,7:16:00,7:16:00,233,95,,0,0
201111,7:18:00,7:18:00,235,100,,0,0
201111,7:20:00,7:20:00,253,105,,0,0
201111,7:21:00,7:21:00,250,110,,0,0
201111,7:22:00,7:22:00,249,115,,0,0
201111,7:23:00,7:23:00,240,120,,0,0
201111,7:24:00,7:24:00,259,125,,0,0
201111,7:26:00,7:26:00,247,130,,0,0
201111,7:30:00,7:30:00,645A,131,,0,0
203151,7:56:00,7:56:00,201,85,,0,0
203151,7:58:00,7:58:00,2272,90,,0,0
203151,8:02:00,8:02:00,233,95,,0,0
203151,8:05:00,8:05:00,235,100,,0,0
203151,8:07:00,8:07:00,253,105,,0,0
203151,8:10:00,8:10:00,250,110,,0,0
203151,8:12:00,8:12:00,249,115,,0,0
203151,8:13:00,8:13:00,240,120,,0,0
203151,8:15:00,8:15:00,259,125,,0,0
203151,8:18:00,8:18:00,247,130,,0,0
203151,8:21:00,8:21:00,645A,131,,0,0
202411,8:03:00,8:03:00,226,1,,0,0
202411,8:04:00,8:04:00,224,5,,0,0
202411,8:08:00,8:08:00,222,10,,0,0
202411,8:10:00,8:10:00,220,15,,0,0
202411,8:12:00,8:12:00,218,20,,0,0
202411,8:18:00,8:18:00,269,25,,0,0
202411,8:27:00,8:27:00,251,30,,0,0
202411,8:30:00,8:30:00,270,35,,0,0
202411,8:34:00,8:34:00,212,40,,0,0
202411,8:35:00,8:35:00,213,45,,0,0
202411,8:39:00,8:39:00,271,50,,0,0
202411,8:40:00,8:40:00,211,55,,0,0
202411,8:40:00,8:40:00,210,60,,0,0
202411,8:41:00,8:41:00,209,65,,0,0
202411,8:43:00,8:43:00,205,70,,0,0
202411,8:48:00,8:48:00,997,75,,0,0
202411,8:53:00,8:53:00,230,80,,0,0
202411,8:56:00,8:56:00,201,85,,0,0
202411,8:58:00,8:58:00,2272,90,,0,0
202411,9:02:00,9:02:00,233,95,,0,0
202411,9:05:00,9:05:00,235,100,,0,0
202411,9:07:00,9:07:00,253,105,,0,0
202411,9:10:00,9:10:00,250,110,,0,0
202411,9:12:00,9:12:00,249,115,,0,0
202411,9:13:00,9:13:00,240,120,,0,0
202411,9:15:00,9:15:00,259,125,,0,0
202411,9:18:00,9:18:00,247,130,,0,0
202411,9:21:00,9:21:00,645A,131,,0,0
203211,9:03:00,9:03:00,226,1,,0,0
203211,9:04:00,9:04:00,224,5,,0,0
203211,9:08:00,9:08:00,222,10,,0,0
203211,9:10:00,9:10:00,220,15,,0,0
203211,9:12:00,9:12:00,218,20,,0,0
203211,9:18:00,9:18:00,269,25,,0,0
203211,9:27:00,9:27:00,251,30,,0,0
203211,9:30:00,9:30:00,270,35,,0,0
203211,9:34:00,9:34:00,212,40,,0,0
203211,9:35:00,9:35:00,213,45,,0,0
203211,9:39:00,9:39:00,271,50,,0,0
203211,9:40:00,9:40:00,211,55,,0,0
203211,9:40:00,9:40:00,210,60,,0,0
203211,9:41:00,9:41:00,209,65,,0,0
203211,9:43:00,9:43:00,205,70,,0,0
203211,9:48:00,9:48:00,997,75,,0,0
203211,9:53:00,9:53:00,230,80,,0,0
203211,9:56:00,9:56:00,201,85,,0,0
203211,9:58:00,9:58:00,2272,90,,0,0
203211,10:02:00,10:02:00,233,95,,0,0
203211,10:05:00,10:05:00,235,100,,0,0
203211,10:07:00,10:07:00,253,105,,0,0
203211,10:10:00,10:10:00,250,110,,0,0
203211,10:12:00,10:12:00,249,115,,0,0
203211,10:13:00,10:13:00,240,120,,0,0
203211,10:15:00,10:15:00,259,125,,0,0
203211,10:18:00,10:18:00,247,130,,0,0
203211,10:21:00,10:21:00,645A,131,,0,0
204312,10:03:00,10:03:00,226,1,,0,0
204312,10:04:00,10:04:00,224,5,,0,0
204312,10:08:00,10:08:00,222,10,,0,0
204312,10:10:00,10:10:00,220,15,,0,0
204312,10:12:00,10:12:00,218,20,,0,0
204312,10:18:00,10:18:00,269,25,,0,0
204312,10:27:00,10:27:00,251,30,,0,0
204312,10:30:00,10:30:00,270,35,,0,0
204312,10:34:00,10:34:00,212,40,,0,0
204312,10:35:00,10:35:00,213,45,,0,0
204312,10:39:00,10:39:00,271,50,,0,0
204312,10:40:00,10:40:00,211,55,,0,0
204312,10:40:00,10:40:00,210,60,,0,0
204312,10:41:00,10:41:00,209,65,,0,0
204312,10:43:00,10:43:00,205,70,,0,0
204312,10:48:00,10:48:00,997,75,,0,0
204312,10:53:00,10:53:00,230,80,,0,0
204312,10:56:00,10:56:00,201,85,,0,0
204312,10:58:00,10:58:00,2272,90,,0,0
204312,11:02:00,11:02:00,233,95,,0,0
204312,11:05:00,11:05:00,235,100,,0,0
204312,11:07:00,11:07:00,253,105,,0,0
204312,11:10:00,11:10:00,250,110,,0,0
204312,11:12:00,11:12:00,249,115,,0,0
204312,11:13:00,11:13:00,240,120,,0,0
204312,11:15:00,11:15:00,259,125,,0,0
204312,11:18:00,11:18:00,247,130,,0,0
204312,11:21:00,11:21:00,645A,131,,0,0
205112,11:03:00,11:03:00,226,1,,0,0
205112,11:04:00,11:04:00,224,5,,0,0
205112,11:08:00,11:08:00,222,10,,0,0
205112,11:10:00,11:10:00,220,15,,0,0
205112,11:12:00,11:12:00,218,20,,0,0
205112,11:18:00,11:18:00,269,25,,0,0
205112,11:27:00,11:27:00,251,30,,0,0
205112,11:30:00,11:30:00,270,35,,0,0
205112,11:34:00,11:34:00,212,40,,0,0
205112,11:35:00,11:35:00,213,45,,0,0
205112,11:39:00,11:39:00,271,50,,0,0
205112,11:40:00,11:40:00,211,55,,0,0
205112,11:40:00,11:40:00,210,60,,0,0
205112,11:41:00,11:41:00,209,65,,0,0
205112,11:43:00,11:43:00,205,70,,0,0
205112,11:48:00,11:48:00,997,75,,0,0
205112,11:53:00,11:53:00,230,80,,0,0
205112,11:56:00,11:56:00,201,85,,0,0
205112,11:58:00,11:58:00,2272,90,,0,0
205112,12:02:00,12:02:00,233,95,,0,0
205112,12:05:00,12:05:00,235,100,,0,0
205112,12:07:00,12:07:00,253,105,,0,0
205112,12:10:00,12:10:00,250,110,,0,0
205112,12:12:00,12:12:00,249,115,,0,0
205112,12:13:00,12:13:00,240,120,,0,0
205112,12:15:00,12:15:00,259,125,,0,0
205112,12:18:00,12:18:00,247,130,,0,0
205112,12:21:00,12:21:00,645A,131,,0,0
206512,12:03:00,12:03:00,226,1,,0,0
206512,12:04:00,12:04:00,224,5,,0,0
206512,12:08:00,12:08:00,222,10,,0,0
206512,12:10:00,12:10:00,220,15,,0,0
206512,12:12:00,12:12:00,218,20,,0,0
206512,12:18:00,12:18:00,269,25,,0,0
206512,12:27:00,12:27:00,251,30,,0,0
206512,12:30:00,12:30:00,270,35,,0,0
206512,12:34:00,12:34:00,212,40,,0,0
206512,12:35:00,12:35:00,213,45,,0,0
206512,12:39:00,12:39:00,271,50,,0,0
206512,12:40:00,12:40:00,211,55,,0,0
206512,12:40:00,12:40:00,210,60,,0,0
206512,12:41:00,12:41:00,209,65,,0,0
206512,12:43:00,12:43:00,205,70,,0,0
206512,12:48:00,12:48:00,997,75,,0,0
206512,12:53:00,12:53:00,230,80,,0,0
206512,12:56:00,12:56:00,201,85,,0,0
206512,12:58:00,12:58:00,2272,90,,0,0
206512,13:02:00,13:02:00,233,95,,0,0
206512,13:05:00,13:05:00,235,100,,0,0
206512,13:07:00,13:07:00,253,105,,0,0
206512,13:10:00,13:10:00,250,110,,0,0
206512,13:12:00,13:12:00,249,115,,0,0
206512,13:13:00,13:13:00,240,120,,0,0
206512,13:15:00,13:15:00,259,125,,0,0
206512,13:18:00,13:18:00,247,130,,0,0
206512,13:21:00,13:21:00,645A,131,,0,0
207412,13:03:00,13:03:00,226,1,,0,0
207412,13:04:00,13:04:00,224,5,,0,0
207412,13:08:00,13:08:00,222,10,,0,0
207412,13:10:00,13:10:00,220,15,,0,0
207412,13:12:00,13:12:00,218,20,,0,0
207412,13:18:00,13:18:00,269,25,,0,0
207412,13:27:00,13:27:00,251,30,,0,0
207412,13:30:00,13:30:00,270,35,,0,0
207412,13:34:00,13:34:00,212,40,,0,0
207412,13:35:00,13:35:00,213,45,,0,0
207412,13:39:00,13:39:00,271,50,,0,0
207412,13:40:00,13:40:00,211,55,,0,0
207412,13:40:00,13:40:00,210,60,,0,0
207412,13:41:00,13:41:00,209,65,,0,0
207412,13:43:00,13:43:00,205,70,,0,0
207412,13:48:00,13:48:00,997,75,,0,0
207412,13:53:00,13:53:00,230,80,,0,0
207412,13:56:00,13:56:00,201,85,,0,0
207412,13:58:00,13:58:00,2272,90,,0,0
207412,14:02:00,14:02:00,233,95,,0,0
207412,14:05:00,14:05:00,235,100,,0,0
207412,14:07:00,14:07:00,253,105,,0,0
207412,14:10:00,14:10:00,250,110,,0,0
207412,14:12:00,14:12:00,249,115,,0,0
207412,14:13:00,14:13:00,240,120,,0,0
207412,14:15:00,14:15:00,259,125,,0,0
207412,14:18:00,14:18:00,247,130,,0,0
207412,14:21:00,14:21:00,645A,131,,0,0
208212,13:35:00,13:35:00,226,1,,0,0
208212,13:36:00,13:36:00,224,5,,0,0
208212,13:40:00,13:40:00,222,10,,0,0
208212,13:42:00,13:42:00,220,15,,0,0
208212,13:44:00,13:44:00,218,20,,0,0
208212,13:47:00,13:47:00,209,65,,0,0
208212,13:52:00,13:52:00,205,70,,0,0
208212,13:54:00,13:54:00,230,80,,0,0
208212,14:02:00,14:02:00,201,85,,0,0
208212,14:04:00,14:04:00,2272,90,,0,0
208212,14:08:00,14:08:00,235,100,,0,0
208212a,15:05:00,15:05:00,235,100,,0,0
208212a,15:07:00,15:07:00,253,105,,0,0
208212a,15:10:00,15:10:00,250,110,,0,0
208212a,15:12:00,15:12:00,249,115,,0,0
208212a,15:13:00,15:13:00,240,120,,0,0
208212a,15:15:00,15:15:00,259,125,,0,0
208212a,15:18:00,15:18:00,247,130,,0,0
208212a,15:21:00,15:21:00,645A,131,,0,0
208313,15:03:00,15:03:00,226,1,,0,0
208313,15:04:00,15:04:00,224,5,,0,0
208313,15:08:00,15:08:00,222,10,,0,0
208313,15:10:00,15:10:00,220,15,,0,0
208313,15:12:00,15:12:00,218,20,,0,0
208313,15:18:00,15:18:00,269,25,,0,0
208313,15:27:00,15:27:00,251,30,,0,0
208313,15:30:00,15:30:00,270,35,,0,0
208313,15:34:00,15:34:00,212,40,,0,0
208313,15:35:00,15:35:00,213,45,,0,0
208313,15:39:00,15:39:00,271,50,,0,0
208313,15:40:00,15:40:00,211,55,,0,0
208313,15:40:00,15:40:00,210,60,,0,0
208313,15:41:00,15:41:00,209,65,,0,0
208313,15:43:00,15:43:00,205,70,,0,0
208313,15:48:00,15:48:00,997,75,,0,0
208313,15:53:00,15:53:00,230,80,,0,0
208313,15:56:00,15:56:00,201,85,,0,0
208313,15:58:00,15:58:00,2272,90,,0,0
208313,16:02:00,16:02:00,233,95,,0,0
208313,16:05:00,16:05:00,235,100,,0,0
208313,16:07:00,16:07:00,253,105,,0,0
208313,16:10:00,16:10:00,250,110,,0,0
208313,16:12:00,16:12:00,249,115,,0,0
208313,16:13:00,16:13:00,240,120,,0,0
208313,16:15:00,16:15:00,259,125,,0,0
208313,16:18:00,16:18:00,247,130,,0,0
208313,16:21:00,16:21:00,645A,131,,0,0
209113,16:03:00,16:03:00,226,1,,0,0
209113,16:04:00,16:04:00,224,5,,0,0
209113,16:08:00,16:08:00,222,10,,0,0
209113,16:10:00,16:10:00,220,15,,0,0
209113,16:12:00,16:12:00,218,20,,0,0
209113,16:18:00,16:18:00,269,25,,0,0
209113,16:27:00,16:27:00,251,30,,0,0
209113,16:30:00,16:30:00,270,35,,0,0
209113,16:34:00,16:34:00,212,40,,0,0
209113,16:35:00,16:35:00,213,45,,0,0
209113,16:39:00,16:39:00,271,50,,0,0
209113,16:40:00,16:40:00,211,55,,0,0
209113,16:40:00,16:40:00,210,60,,0,0
209113,16:41:00,16:41:00,209,65,,0,0
209113,16:43:00,16:43:00,205,70,,0,0
209113,16:48:00,16:48:00,997,75,,0,0
209113,16:53:00,16:53:00,230,80,,0,0
209113,16:56:00,16:56:00,201,85,,0,0
209113,16:58:00,16:58:00,2272,90,,0,0
209113,17:02:00,17:02:00,233,95,,0,0
209113,17:05:00,17:05:00,235,100,,0,0
209113,17:07:00,17:07:00,253,105,,0,0
209113,17:10:00,17:10:00,250,110,,0,0
209113,17:12:00,17:12:00,249,115,,0,0
209113,17:13:00,17:13:00,240,120,,0,0
209113,17:15:00,17:15:00,259,125,,0,0
209113,17:18:00,17:18:00,247,130,,0,0
209113,17:21:00,17:21:00,645A,131,,0,0
210513,17:03:00,17:03:00,226,1,,0,0
210513,17:04:00,17:04:00,224,5,,0,0
210513,17:08:00,17:08:00,222,10,,0,0
210513,17:10:00,17:10:00,220,15,,0,0
210513,17:12:00,17:12:00,218,20,,0,0
210513,17:18:00,17:18:00,269,25,,0,0
210513,17:27:00,17:27:00,251,30,,0,0
210513,17:30:00,17:30:00,270,35,,0,0
210513,17:34:00,17:34:00,212,40,,0,0
210513,17:35:00,17:35:00,213,45,,0,0
210513,17:39:00,17:39:00,271,50,,0,0
210513,17:40:00,17:40:00,211,55,,0,0
210513,17:40:00,17:40:00,210,60,,0,0
210513,17:41:00,17:41:00,209,65,,0,0
210513,17:43:00,17:43:00,205,70,,0,0
210513,17:48:00,17:48:00,997,75,,0,0
210513,17:53:00,17:53:00,230,80,,0,0
210513,17:56:00,17:56:00,201,85,,0,0
210513,17:58:00,17:58:00,2272,90,,0,0
210513,18:02:00,18:02:00,233,95,,0,0
210513,18:05:00,18:05:00,235,100,,0,0
210513,18:07:00,18:07:00,253,105,,0,0
210513,18:10:00,18:10:00,250,110,,0,0
210513,18:12:00,18:12:00,249,115,,0,0
210513,18:13:00,18:13:00,240,120,,0,0
210513,18:15:00,18:15:00,259,125,,0,0
210513,18:18:00,18:18:00,247,130,,0,0
210513,18:21:00,18:21:00,645A,131,,0,0
211413,18:03:00,18:03:00,226,1,,0,0
211413,18:04:00,18:04:00,224,5,,0,0
211413,18:08:00,18:08:00,222,10,,0,0
211413,18:10:00,18:10:00,220,15,,0,0
211413,18:12:00,18:12:00,218,20,,0,0
211413,18:18:00,18:18:00,269,25,,0,0
211413,18:27:00,18:27:00,251,30,,0,0
211413,18:30:00,18:30:00,270,35,,0,0
211413,18:34:00,18:34:00,212,40,,0,0
211413,18:35:00,18:35:00,213,45,,0,0
211413,18:39:00,18:39:00,271,50,,0,0
211413,18:40:00,18:40:00,211,55,,0,0
211413,18:40:00,18:40:00,210,60,,0,0
211413,18:41:00,18:41:00,209,65,,0,0
211413,18:43:00,18:43:00,205,70,,0,0
211413,18:48:00,18:48:00,997,75,,0,0
211413,18:53:00,18:53:00,230,80,,0,0
211413,18:56:00,18:56:00,201,85,,0,0
211413,18:58:00,18:58:00,2272,90,,0,0
211413,19:02:00,19:02:00,233,95,,0,0
211413,19:05:00,19:05:00,235,100,,0,0
211413,19:07:00,19:07:00,253,105,,0,0
211413,19:10:00,19:10:00,250,110,,0,0
211413,19:12:00,19:12:00,249,115,,0,0
211413,19:13:00,19:13:00,240,120,,0,0
211413,19:15:00,19:15:00,259,125,,0,0
211413,19:18:00,19:18:00,247,130,,0,0
211413,19:21:00,19:21:00,645A,131,,0,0
212213,19:03:00,19:03:00,226,1,,0,0
212213,19:04:00,19:04:00,224,5,,0,0
212213,19:08:00,19:08:00,222,10,,0,0
212213,19:10:00,19:10:00,220,15,,0,0
212213,19:12:00,19:12:00,218,20,,0,0
212213,19:18:00,19:18:00,269,25,,0,0
212213,19:27:00,19:27:00,251,30,,0,0
212213,19:30:00,19:30:00,270,35,,0,0
212213,19:34:00,19:34:00,212,40,,0,0
212213,19:35:00,19:35:00,213,45,,0,0
212213,19:39:00,19:39:00,271,50,,0,0
212213,19:40:00,19:40:00,211,55,,0,0
212213,19:40:00,19:40:00,210,60,,0,0
212213,19:41:00,19:41:00,209,65,,0,0
212213,19:43:00,19:43:00,205,70,,0,0
212213,19:48:00,19:48:00,997,75,,0,0
212213,19:53:00,19:53:00,230,80,,0,0
212213,19:56:00,19:56:00,201,85,,0,0
212213,19:58:00,19:58:00,2272,90,,0,0
212213,20:02:00,20:02:00,233,95,,0,0
212213,20:05:00,20:05:00,235,100,,0,0
212213,20:07:00,20:07:00,253,105,,0,0
212213,20:10:00,20:10:00,250,110,,0,0
212213,20:12:00,20:12:00,249,115,,0,0
212213,20:13:00,20:13:00,240,120,,0,0
212213,20:15:00,20:15:00,259,125,,0,0
212213,20:18:00,20:18:00,247,130,,0,0
212213,20:21:00,20:21:00,645A,131,,0,0
2314,19:35:00,19:35:00,226,1,,0,0
2314,19:36:00,19:36:00,224,5,,0,0
2314,19:39:00,19:39:00,222,10,,0,0
2314,19:41:00,19:41:00,220,15,,0,0
2314,19:44:00,19:44:00,218,20,,0,0
2314,19:52:00,19:52:00,209,25,,0,0
2314,19:54:00,19:54:00,205,30,,0,0
2314,19:59:00,19:59:00,230,35,,0,0
2314,20:02:00,20:02:00,201,40,,0,0
2514,21:35:00,21:35:00,226,1,,0,0
2514,21:36:00,21:36:00,224,5,,0,0
2514,21:39:00,21:39:00,222,10,,0,0
2514,21:41:00,21:41:00,220,15,,0,0
2514,21:44:00,21:44:00,218,20,,0,0
2514,21:52:00,21:52:00,209,22,,0,0
2514,21:54:00,21:54:00,205,25,,0,0
2514,21:59:00,21:59:00,230,30,,0,0
2514,22:02:00,22:02:00,201,35,,0,0
201201,7:13:00,7:13:00,645,1,,0,0
201201,7:18:00,7:18:00,247,5,,0,0
201201,7:21:00,7:21:00,259,10,,0,0
201201,7:23:00,7:23:00,240,15,,0,0
201201,7:24:00,7:24:00,249,20,,0,0
201201,7:26:00,7:26:00,250,25,,0,0
201201,7:29:00,7:29:00,253,30,,0,0
201201,7:31:00,7:31:00,235,35,,0,0
201201,7:34:00,7:34:00,233,40,,0,0
201201,7:38:00,7:38:00,2272,45,,0,0
201201,7:40:00,7:40:00,201,50,,0,0
201201,7:43:00,7:43:00,230,55,,0,0
201201,7:48:00,7:48:00,997,60,,0,0
201201,7:53:00,7:53:00,205,65,,0,0
201201,7:55:00,7:55:00,209,70,,0,0
201201,7:55:00,7:55:00,210,75,,0,0
201201,7:56:00,7:56:00,211,80,,0,0
201201,7:57:00,7:57:00,271,85,,0,0
201201,8:01:00,8:01:00,251,90,,0,0
201201,8:04:00,8:04:00,270,95,,0,0
201201,8:08:00,8:08:00,212,100,,0,0
201201,8:09:00,8:09:00,213,105,,0,0
201201,8:18:00,8:18:00,269,110,,0,0
201201,8:24:00,8:24:00,218,115,,0,0
201201,8:26:00,8:26:00,220,120,,0,0
201201,8:28:00,8:28:00,222,125,,0,0
201201,8:32:00,8:32:00,224,130,,0,0
201201,8:33:00,8:33:00,226,135,,0,0
202301,8:13:00,8:13:00,645,1,,0,0
202301,8:18:00,8:18:00,247,5,,0,0
202301,8:21:00,8:21:00,259,10,,0,0
202301,8:23:00,8:23:00,240,15,,0,0
202301,8:24:00,8:24:00,249,20,,0,0
202301,8:26:00,8:26:00,250,25,,0,0
202301,8:29:00,8:29:00,253,30,,0,0
202301,8:31:00,8:31:00,235,35,,0,0
202301,8:34:00,8:34:00,233,40,,0,0
202301,8:38:00,8:38:00,2272,45,,0,0
202301,8:40:00,8:40:00,201,50,,0,0
202301,8:43:00,8:43:00,230,55,,0,0
202301,8:48:00,8:48:00,997,60,,0,0
202301,8:53:00,8:53:00,205,65,,0,0
202301,8:55:00,8:55:00,209,70,,0,0
202301,8:55:00,8:55:00,210,75,,0,0
202301,8:56:00,8:56:00,211,80,,0,0
202301,8:57:00,8:57:00,271,85,,0,0
202301,9:01:00,9:01:00,251,90,,0,0
202301,9:04:00,9:04:00,270,95,,0,0
202301,9:08:00,9:08:00,212,100,,0,0
202301,9:09:00,9:09:00,213,105,,0,0
202301,9:18:00,9:18:00,269,110,,0,0
202301,9:24:00,9:24:00,218,115,,0,0
202301,9:26:00,9:26:00,220,120,,0,0
202301,9:28:00,9:28:00,222,125,,0,0
202301,9:32:00,9:32:00,224,130,,0,0
202301,9:33:00,9:33:00,226,135,,0,0
2401,7:00:00,7:00:00,201,50,,0,0
2401,7:03:00,7:03:00,230,55,,0,0
2401,7:08:00,7:08:00,997,60,,0,0
2401,7:13:00,7:13:00,205,65,,0,0
2401,7:15:00,7:15:00,209,70,,0,0
2401,7:15:00,7:15:00,210,75,,0,0
2401,7:16:00,7:16:00,211,80,,0,0
2401,7:17:00,7:17:00,271,85,,0,0
2401,7:21:00,7:21:00,251,90,,0,0
2401,7:24:00,7:24:00,270,95,,0,0
2401,7:28:00,7:28:00,212,100,,0,0
2401,7:29:00,7:29:00,213,105,,0,0
2401,7:38:00,7:38:00,269,110,,0,0
2401,7:44:00,7:44:00,218,115,,0,0
2401,7:46:00,7:46:00,220,120,,0,0
2401,7:48:00,7:48:00,222,125,,0,0
2401,7:52:00,7:52:00,224,130,,0,0
2401,7:53:00,7:53:00,226,135,,0,0
203101,9:13:00,9:13:00,645,1,,0,0
203101,9:18:00,9:18:00,247,5,,0,0
203101,9:21:00,9:21:00,259,10,,0,0
203101,9:23:00,9:23:00,240,15,,0,0
203101,9:24:00,9:24:00,249,20,,0,0
203101,9:26:00,9:26:00,250,25,,0,0
203101,9:29:00,9:29:00,253,30,,0,0
203101,9:31:00,9:31:00,235,35,,0,0
203101,9:34:00,9:34:00,233,40,,0,0
203101,9:38:00,9:38:00,2272,45,,0,0
203101,9:40:00,9:40:00,201,50,,0,0
203101,9:43:00,9:43:00,230,55,,0,0
203101,9:48:00,9:48:00,997,60,,0,0
203101,9:53:00,9:53:00,205,65,,0,0
203101,9:55:00,9:55:00,209,70,,0,0
203101,9:55:00,9:55:00,210,75,,0,0
203101,9:56:00,9:56:00,211,80,,0,0
203101,9:57:00,9:57:00,271,85,,0,0
203101,10:01:00,10:01:00,251,90,,0,0
203101,10:04:00,10:04:00,270,95,,0,0
203101,10:08:00,10:08:00,212,100,,0,0
203101,10:09:00,10:09:00,213,105,,0,0
203101,10:18:00,10:18:00,269,110,,0,0
203101,10:24:00,10:24:00,218,115,,0,0
203101,10:26:00,10:26:00,220,120,,0,0
203101,10:28:00,10:28:00,222,125,,0,0
203101,10:32:00,10:32:00,224,130,,0,0
203101,10:33:00,10:33:00,226,135,,0,0
204501,10:13:00,10:13:00,645,1,,0,0
204501,10:18:00,10:18:00,247,5,,0,0
204501,10:21:00,10:21:00,259,10,,0,0
204501,10:23:00,10:23:00,240,15,,0,0
204501,10:24:00,10:24:00,249,20,,0,0
204501,10:26:00,10:26:00,250,25,,0,0
204501,10:29:00,10:29:00,253,30,,0,0
204501,10:31:00,10:31:00,235,35,,0,0
204501,10:34:00,10:34:00,233,40,,0,0
204501,10:38:00,10:38:00,2272,45,,0,0
204501,10:40:00,10:40:00,201,50,,0,0
204501,10:43:00,10:43:00,230,55,,0,0
204501,10:48:00,10:48:00,997,60,,0,0
204501,10:53:00,10:53:00,205,65,,0,0
204501,10:55:00,10:55:00,209,70,,0,0
204501,10:55:00,10:55:00,210,75,,0,0
204501,10:56:00,10:56:00,211,80,,0,0
204501,10:57:00,10:57:00,271,85,,0,0
204501,11:01:00,11:01:00,251,90,,0,0
204501,11:04:00,11:04:00,270,95,,0,0
204501,11:08:00,11:08:00,212,100,,0,0
204501,11:09:00,11:09:00,213,105,,0,0
204501,11:18:00,11:18:00,269,110,,0,0
204501,11:24:00,11:24:00,218,115,,0,0
204501,11:26:00,11:26:00,220,120,,0,0
204501,11:28:00,11:28:00,222,125,,0,0
204501,11:32:00,11:32:00,224,130,,0,0
204501,11:33:00,11:33:00,226,135,,0,0
205402,11:13:00,11:13:00,645,1,,0,0
205402,11:18:00,11:18:00,247,5,,0,0
205402,11:21:00,11:21:00,259,10,,0,0
205402,11:23:00,11:23:00,240,15,,0,0
205402,11:24:00,11:24:00,249,20,,0,0
205402,11:26:00,11:26:00,250,25,,0,0
205402,11:29:00,11:29:00,253,30,,0,0
205402,11:31:00,11:31:00,235,35,,0,0
205402,11:34:00,11:34:00,233,40,,0,0
205402,11:38:00,11:38:00,2272,45,,0,0
205402,11:40:00,11:40:00,201,50,,0,0
205402,11:43:00,11:43:00,230,55,,0,0
205402,11:48:00,11:48:00,997,60,,0,0
205402,11:53:00,11:53:00,205,65,,0,0
205402,11:55:00,11:55:00,209,70,,0,0
205402,11:55:00,11:55:00,210,75,,0,0
205402,11:56:00,11:56:00,211,80,,0,0
205402,11:57:00,11:57:00,271,85,,0,0
205402,12:01:00,12:01:00,251,90,,0,0
205402,12:04:00,12:04:00,270,95,,0,0
205402,12:08:00,12:08:00,212,100,,0,0
205402,12:09:00,12:09:00,213,105,,0,0
205402,12:18:00,12:18:00,269,110,,0,0
205402,12:24:00,12:24:00,218,115,,0,0
205402,12:26:00,12:26:00,220,120,,0,0
205402,12:28:00,12:28:00,222,125,,0,0
205402,12:32:00,12:32:00,224,130,,0,0
205402,12:33:00,12:33:00,226,135,,0,0
206202,12:13:00,12:13:00,645,1,,0,0
206202,12:18:00,12:18:00,247,5,,0,0
206202,12:21:00,12:21:00,259,10,,0,0
206202,12:23:00,12:23:00,240,15,,0,0
206202,12:24:00,12:24:00,249,20,,0,0
206202,12:26:00,12:26:00,250,25,,0,0
206202,12:29:00,12:29:00,253,30,,0,0
206202,12:31:00,12:31:00,235,35,,0,0
206202,12:34:00,12:34:00,233,40,,0,0
206202,12:38:00,12:38:00,2272,45,,0,0
206202,12:40:00,12:40:00,201,50,,0,0
206202,12:43:00,12:43:00,230,55,,0,0
206202,12:48:00,12:48:00,997,60,,0,0
206202,12:53:00,12:53:00,205,65,,0,0
206202,12:55:00,12:55:00,209,70,,0,0
206202,12:55:00,12:55:00,210,75,,0,0
206202,12:56:00,12:56:00,211,80,,0,0
206202,12:57:00,12:57:00,271,85,,0,0
206202,13:01:00,13:01:00,251,90,,0,0
206202,13:04:00,13:04:00,270,95,,0,0
206202,13:08:00,13:08:00,212,100,,0,0
206202,13:09:00,13:09:00,213,105,,0,0
206202,13:18:00,13:18:00,269,110,,0,0
206202,13:24:00,13:24:00,218,115,,0,0
206202,13:26:00,13:26:00,220,120,,0,0
206202,13:28:00,13:28:00,222,125,,0,0
206202,13:32:00,13:32:00,224,130,,0,0
206202,13:33:00,13:33:00,226,135,,0,0
206302,13:13:00,13:13:00,645,1,,0,0
206302,13:18:00,13:18:00,247,5,,0,0
206302,13:21:00,13:21:00,259,10,,0,0
206302,13:23:00,13:23:00,240,15,,0,0
206302,13:24:00,13:24:00,249,20,,0,0
206302,13:26:00,13:26:00,250,25,,0,0
206302,13:29:00,13:29:00,253,30,,0,0
206302,13:31:00,13:31:00,235,35,,0,0
206302,13:34:00,13:34:00,233,40,,0,0
206302,13:38:00,13:38:00,2272,45,,0,0
206302,13:40:00,13:40:00,201,50,,0,0
206302,13:43:00,13:43:00,230,55,,0,0
206302,13:48:00,13:48:00,997,60,,0,0
206302,13:53:00,13:53:00,205,65,,0,0
206302,13:55:00,13:55:00,209,70,,0,0
206302,13:55:00,13:55:00,210,75,,0,0
206302,13:56:00,13:56:00,211,80,,0,0
206302,13:57:00,13:57:00,271,85,,0,0
206302,14:01:00,14:01:00,251,90,,0,0
206302,14:04:00,14:04:00,270,95,,0,0
206302,14:08:00,14:08:00,212,100,,0,0
206302,14:09:00,14:09:00,213,105,,0,0
206302,14:18:00,14:18:00,269,110,,0,0
206302,14:24:00,14:24:00,218,115,,0,0
206302,14:26:00,14:26:00,220,120,,0,0
206302,14:28:00,14:28:00,222,125,,0,0
206302,14:32:00,14:32:00,224,130,,0,0
206302,14:33:00,14:33:00,226,135,,0,0
207102,14:13:00,14:13:00,645,1,,0,0
207102,14:18:00,14:18:00,247,5,,0,0
207102,14:21:00,14:21:00,259,10,,0,0
207102,14:23:00,14:23:00,240,15,,0,0
207102,14:24:00,14:24:00,249,20,,0,0
207102,14:26:00,14:26:00,250,25,,0,0
207102,14:29:00,14:29:00,253,30,,0,0
207102,14:31:00,14:31:00,235,35,,0,0
207102,14:34:00,14:34:00,233,40,,0,0
207102,14:38:00,14:38:00,2272,45,,0,0
207102,14:40:00,14:40:00,201,50,,0,0
207102,14:43:00,14:43:00,230,55,,0,0
207102,14:48:00,14:48:00,997,60,,0,0
207102,14:53:00,14:53:00,205,65,,0,0
207102,14:55:00,14:55:00,209,70,,0,0
207102,14:55:00,14:55:00,210,75,,0,0
207102,14:56:00,14:56:00,211,80,,0,0
207102,14:57:00,14:57:00,271,85,,0,0
207102,15:01:00,15:01:00,251,90,,0,0
207102,15:04:00,15:04:00,270,95,,0,0
207102,15:08:00,15:08:00,212,100,,0,0
207102,15:09:00,15:09:00,213,105,,0,0
207102,15:18:00,15:18:00,269,110,,0,0
207102,15:24:00,15:24:00,218,115,,0,0
207102,15:26:00,15:26:00,220,120,,0,0
207102,15:28:00,15:28:00,222,125,,0,0
207102,15:32:00,15:32:00,224,130,,0,0
207102,15:33:00,15:33:00,226,135,,0,0
208502,15:13:00,15:13:00,645,1,,0,0
208502,15:18:00,15:18:00,247,5,,0,0
208502,15:21:00,15:21:00,259,10,,0,0
208502,15:23:00,15:23:00,240,15,,0,0
208502,15:24:00,15:24:00,249,20,,0,0
208502,15:26:00,15:26:00,250,25,,0,0
208502,15:29:00,15:29:00,253,30,,0,0
208502,15:31:00,15:31:00,235,35,,0,0
208502,15:34:00,15:34:00,233,40,,0,0
208502,15:38:00,15:38:00,2272,45,,0,0
208502,15:40:00,15:40:00,201,50,,0,0
208502,15:43:00,15:43:00,230,55,,0,0
208502,15:48:00,15:48:00,997,60,,0,0
208502,15:53:00,15:53:00,205,65,,0,0
208502,15:55:00,15:55:00,209,70,,0,0
208502,15:55:00,15:55:00,210,75,,0,0
208502,15:56:00,15:56:00,211,80,,0,0
208502,15:57:00,15:57:00,271,85,,0,0
208502,16:01:00,16:01:00,251,90,,0,0
208502,16:04:00,16:04:00,270,95,,0,0
208502,16:08:00,16:08:00,212,100,,0,0
208502,16:09:00,16:09:00,213,105,,0,0
208502,16:18:00,16:18:00,269,110,,0,0
208502,16:24:00,16:24:00,218,115,,0,0
208502,16:26:00,16:26:00,220,120,,0,0
208502,16:28:00,16:28:00,222,125,,0,0
208502,16:32:00,16:32:00,224,130,,0,0
208502,16:33:00,16:33:00,226,135,,0,0
209403,16:13:00,16:13:00,645,1,,0,0
209403,16:18:00,16:18:00,247,5,,0,0
209403,16:21:00,16:21:00,259,10,,0,0
209403,16:23:00,16:23:00,240,15,,0,0
209403,16:24:00,16:24:00,249,20,,0,0
209403,16:26:00,16:26:00,250,25,,0,0
209403,16:29:00,16:29:00,253,30,,0,0
209403,16:31:00,16:31:00,235,35,,0,0
209403,16:34:00,16:34:00,233,40,,0,0
209403,16:38:00,16:38:00,2272,45,,0,0
209403,16:40:00,16:40:00,201,50,,0,0
209403,16:43:00,16:43:00,230,55,,0,0
209403,16:48:00,16:48:00,997,60,,0,0
209403,16:53:00,16:53:00,205,65,,0,0
209403,16:55:00,16:55:00,209,70,,0,0
209403,16:55:00,16:55:00,210,75,,0,0
209403,16:56:00,16:56:00,211,80,,0,0
209403,16:57:00,16:57:00,271,85,,0,0
209403,17:01:00,17:01:00,251,90,,0,0
209403,17:04:00,17:04:00,270,95,,0,0
209403,17:08:00,17:08:00,212,100,,0,0
209403,17:09:00,17:09:00,213,105,,0,0
209403,17:18:00,17:18:00,269,110,,0,0
209403,17:24:00,17:24:00,218,115,,0,0
209403,17:26:00,17:26:00,220,120,,0,0
209403,17:28:00,17:28:00,222,125,,0,0
209403,17:32:00,17:32:00,224,130,,0,0
209403,17:33:00,17:33:00,226,135,,0,0
210203,17:13:00,17:13:00,645,1,,0,0
210203,17:18:00,17:18:00,247,5,,0,0
210203,17:21:00,17:21:00,259,10,,0,0
210203,17:23:00,17:23:00,240,15,,0,0
210203,17:24:00,17:24:00,249,20,,0,0
210203,17:26:00,17:26:00,250,25,,0,0
210203,17:29:00,17:29:00,253,30,,0,0
210203,17:31:00,17:31:00,235,35,,0,0
210203,17:34:00,17:34:00,233,40,,0,0
210203,17:38:00,17:38:00,2272,45,,0,0
210203,17:40:00,17:40:00,201,50,,0,0
210203,17:43:00,17:43:00,230,55,,0,0
210203,17:48:00,17:48:00,997,60,,0,0
210203,17:53:00,17:53:00,205,65,,0,0
210203,17:55:00,17:55:00,209,70,,0,0
210203,17:55:00,17:55:00,210,75,,0,0
210203,17:56:00,17:56:00,211,80,,0,0
210203,17:57:00,17:57:00,271,85,,0,0
210203,18:01:00,18:01:00,251,90,,0,0
210203,18:04:00,18:04:00,270,95,,0,0
210203,18:08:00,18:08:00,212,100,,0,0
210203,18:09:00,18:09:00,213,105,,0,0
210203,18:18:00,18:18:00,269,110,,0,0
210203,18:24:00,18:24:00,218,115,,0,0
210203,18:26:00,18:26:00,220,120,,0,0
210203,18:28:00,18:28:00,222,125,,0,0
210203,18:32:00,18:32:00,224,130,,0,0
210203,18:33:00,18:33:00,226,135,,0,0
211303,18:13:00,18:13:00,645,1,,0,0
211303,18:18:00,18:18:00,247,5,,0,0
211303,18:21:00,18:21:00,259,10,,0,0
211303,18:23:00,18:23:00,240,15,,0,0
211303,18:24:00,18:24:00,249,20,,0,0
211303,18:26:00,18:26:00,250,25,,0,0
211303,18:29:00,18:29:00,253,30,,0,0
211303,18:31:00,18:31:00,235,35,,0,0
211303,18:34:00,18:34:00,233,40,,0,0
211303,18:38:00,18:38:00,2272,45,,0,0
211303,18:40:00,18:40:00,201,50,,0,0
211303,18:43:00,18:43:00,230,55,,0,0
211303,18:48:00,18:48:00,997,60,,0,0
211303,18:53:00,18:53:00,205,65,,0,0
211303,18:55:00,18:55:00,209,70,,0,0
211303,18:55:00,18:55:00,210,75,,0,0
211303,18:56:00,18:56:00,211,80,,0,0
211303,18:57:00,18:57:00,271,85,,0,0
211303,19:01:00,19:01:00,251,90,,0,0
211303,19:04:00,19:04:00,270,95,,0,0
211303,19:08:00,19:08:00,212,100,,0,0
211303,19:09:00,19:09:00,213,105,,0,0
211303,19:18:00,19:18:00,269,110,,0,0
211303,19:24:00,19:24:00,218,115,,0,0
211303,19:26:00,19:26:00,220,120,,0,0
211303,19:28:00,19:28:00,222,125,,0,0
211303,19:32:00,19:32:00,224,130,,0,0
211303,19:33:00,19:33:00,226,135,,0,0
212103,19:13:00,19:13:00,645,1,,0,0
212103,19:18:00,19:18:00,247,5,,0,0
212103,19:21:00,19:21:00,259,10,,0,0
212103,19:23:00,19:23:00,240,15,,0,0
212103,19:24:00,19:24:00,249,20,,0,0
212103,19:26:00,19:26:00,250,25,,0,0
212103,19:29:00,19:29:00,253,30,,0,0
212103,19:31:00,19:31:00,235,35,,0,0
212103,19:34:00,19:34:00,233,40,,0,0
212103,19:38:00,19:38:00,2272,45,,0,0
212103,19:40:00,19:40:00,201,50,,0,0
212103,19:43:00,19:43:00,230,55,,0,0
212103,19:48:00,19:48:00,997,60,,0,0
212103,19:53:00,19:53:00,205,65,,0,0
212103,19:55:00,19:55:00,209,70,,0,0
212103,19:55:00,19:55:00,210,75,,0,0
212103,19:56:00,19:56:00,211,80,,0,0
212103,19:57:00,19:57:00,271,85,,0,0
212103,20:01:00,20:01:00,251,90,,0,0
212103,20:04:00,20:04:00,270,95,,0,0
212103,20:08:00,20:08:00,212,100,,0,0
212103,20:09:00,20:09:00,213,105,,0,0
212103,20:18:00,20:18:00,269,110,,0,0
212103,20:24:00,20:24:00,218,115,,0,0
212103,20:26:00,20:26:00,220,120,,0,0
212103,20:28:00,20:28:00,222,125,,0,0
212103,20:32:00,20:32:00,224,130,,0,0
212103,20:33:00,20:33:00,226,135,,0,0
213503,20:13:00,20:13:00,645,1,,0,0
213503,20:18:00,20:18:00,247,5,,0,0
213503,20:21:00,20:21:00,259,10,,0,0
213503,20:23:00,20:23:00,240,15,,0,0
213503,20:24:00,20:24:00,249,20,,0,0
213503,20:26:00,20:26:00,250,25,,0,0
213503,20:29:00,20:29:00,253,30,,0,0
213503,20:31:00,20:31:00,235,35,,0,0
213503,20:34:00,20:34:00,233,40,,0,0
213503,20:38:00,20:38:00,2272,45,,0,0
213503,20:40:00,20:40:00,201,50,,0,0
213503,20:43:00,20:43:00,230,55,,0,0
213503,20:48:00,20:48:00,997,60,,0,0
213503,20:53:00,20:53:00,205,65,,0,0
213503,20:55:00,20:55:00,209,70,,0,0
213503,20:55:00,20:55:00,210,75,,0,0
213503,20:56:00,20:56:00,211,80,,0,0
213503,20:57:00,20:57:00,271,85,,0,0
213503,21:01:00,21:01:00,251,90,,0,0
213503,21:04:00,21:04:00,270,95,,0,0
213503,21:08:00,21:08:00,212,100,,0,0
213503,21:09:00,21:09:00,213,105,,0,0
213503,21:18:00,21:18:00,269,110,,0,0
213503,21:24:00,21:24:00,218,115,,0,0
213503,21:26:00,21:26:00,220,120,,0,0
213503,21:28:00,21:28:00,222,125,,0,0
213503,21:32:00,21:32:00,224,130,,0,0
213503,21:33:00,21:33:00,226,135,,0,0
201404,21:13:00,21:13:00,645,1,,0,0
201404,21:18:00,21:18:00,247,5,,0,0
201404,21:21:00,21:21:00,259,10,,0,0
201404,21:23:00,21:23:00,240,15,,0,0
201404,21:24:00,21:24:00,249,20,,0,0
201404,21:26:00,21:26:00,250,25,,0,0
201404,21:29:00,21:29:00,253,30,,0,0
201404,21:31:00,21:31:00,235,35,,0,0
202204,22:13:00,22:13:00,645,1,,0,0
202204,22:18:00,22:18:00,247,5,,0,0
202204,22:21:00,22:21:00,259,10,,0,0
202204,22:23:00,22:23:00,240,15,,0,0
202204,22:24:00,22:24:00,249,20,,0,0
202204,22:26:00,22:26:00,250,25,,0,0
202204,22:29:00,22:29:00,253,30,,0,0
202204,22:31:00,22:31:00,235,35,,0,0
101201,5:40:00,5:40:00,645A,1,,0,0 
101201,5:40:30,5:40:30,645,2,,0,0
101201,5:45:00,5:45:00,609,5,,0,0 
101201,5:48:00,5:48:00,646,10,,0,0 
101201,5:50:00,5:50:00,647,15,,0,0 
101201,5:53:00,5:53:00,438,20,,0,0 
101201,5:55:00,5:55:00,437,25,,0,0 
101201,6:00:00,6:00:00,443,30,,0,0 
101201,6:04:00,6:04:00,447,35,,0,0 
101201,6:09:00,6:09:00,624,40,,0,0 
101201,6:11:00,6:11:00,626,45,,0,0 
101201,6:14:00,6:14:00,631,50,,0,0 
101201,6:15:00,6:15:00,636,55,,0,0 
101201,6:16:00,6:16:00,642,60,,0,0 
101201,6:20:00,6:20:00,489,65,,0,0 
101201,6:23:00,6:23:00,432,70,,0,0 
102301,6:23:00,6:23:00,645A,1,,0,0 
102301,6:28:00,6:28:00,609,5,,0,0 
102301,6:31:00,6:31:00,646,10,,0,0 
102301,6:33:00,6:33:00,647,15,,0,0 
102301,6:36:00,6:36:00,438,20,,0,0 
102301,6:38:00,6:38:00,437,25,,0,0 
102301,6:43:00,6:43:00,443,30,,0,0 
102301,6:47:00,6:47:00,447,35,,0,0 
102301,6:52:00,6:52:00,624,40,,0,0 
102301,6:54:00,6:54:00,626,45,,0,0 
102301,6:57:00,6:57:00,631,50,,0,0 
102301,6:58:00,6:58:00,636,55,,0,0 
102301,6:59:00,6:59:00,642,60,,0,0 
102301,7:03:00,7:03:00,489,65,,0,0 
102301,7:06:00,7:06:00,432,70,,0,0 
103101,7:31:00,7:31:00,645A,1,,0,0 
103101,7:31:30,7:31:30,645,2,,0,0
103101,7:36:00,7:36:00,609,5,,0,0 
103101,7:39:00,7:39:00,646,10,,0,0 
103101,7:41:00,7:41:00,647,15,,0,0 
103101,7:44:00,7:44:00,438,20,,0,0 
103101,7:46:00,7:46:00,437,25,,0,0 
103101,7:51:00,7:51:00,443,30,,0,0 
103101,7:55:00,7:55:00,447,35,,0,0 
103101,8:00:00,8:00:00,624,40,,0,0 
103101,8:02:00,8:02:00,626,45,,0,0 
103101,8:05:00,8:05:00,631,50,,0,0 
103101,8:06:00,8:06:00,636,55,,0,0 
103101,8:07:00,8:07:00,642,60,,0,0 
103101,8:11:00,8:11:00,489,65,,0,0 
103101,8:14:00,8:14:00,432,70,,0,0 
104501,8:23:00,8:23:00,645A,1,,0,0
104501,8:23:30,8:23:30,645,2,,0,0 
104501,8:28:00,8:28:00,609,5,,0,0 
104501,8:31:00,8:31:00,646,10,,0,0 
104501,8:33:00,8:33:00,647,15,,0,0 
104501,8:36:00,8:36:00,438,20,,0,0 
104501,8:38:00,8:38:00,437,25,,0,0 
104501,8:43:00,8:43:00,443,30,,0,0 
104501,8:47:00,8:47:00,447,35,,0,0 
104501,8:52:00,8:52:00,624,40,,0,0 
104501,8:54:00,8:54:00,626,45,,0,0 
104501,8:57:00,8:57:00,631,50,,0,0 
104501,8:58:00,8:58:00,636,55,,0,0 
104501,8:59:00,8:59:00,642,60,,0,0 
104501,9:03:00,9:03:00,489,65,,0,0 
104501,9:06:00,9:06:00,432,70,,0,0 
105401,9:23:00,9:23:00,645A,1,,0,0 
105401,9:23:30,9:23:30,645,2,,0,0
105401,9:28:00,9:28:00,609,5,,0,0 
105401,9:31:00,9:31:00,646,10,,0,0 
105401,9:33:00,9:33:00,647,15,,0,0 
105401,9:36:00,9:36:00,438,20,,0,0 
105401,9:38:00,9:38:00,437,25,,0,0 
105401,9:43:00,9:43:00,443,30,,0,0 
105401,9:47:00,9:47:00,447,35,,0,0 
105401,9:52:00,9:52:00,624,40,,0,0 
105401,9:54:00,9:54:00,626,45,,0,0 
105401,9:57:00,9:57:00,631,50,,0,0 
105401,9:58:00,9:58:00,636,55,,0,0 
105401,9:59:00,9:59:00,642,60,,0,0 
105401,10:03:00,10:03:00,489,65,,0,0 
105401,10:06:00,10:06:00,432,70,,0,0 
106202,10:23:00,10:23:00,645A,1,,0,0 
106202,10:23:30,10:23:30,645,2,,0,0
106202,10:28:00,10:28:00,609,5,,0,0 
106202,10:31:00,10:31:00,646,10,,0,0 
106202,10:33:00,10:33:00,647,15,,0,0 
106202,10:36:00,10:36:00,438,20,,0,0 
106202,10:38:00,10:38:00,437,25,,0,0 
106202,10:43:00,10:43:00,443,30,,0,0 
106202,10:47:00,10:47:00,447,35,,0,0 
106202,10:52:00,10:52:00,624,40,,0,0 
106202,10:54:00,10:54:00,626,45,,0,0 
106202,10:57:00,10:57:00,631,50,,0,0 
106202,10:58:00,10:58:00,636,55,,0,0 
106202,10:59:00,10:59:00,642,60,,0,0 
106202,11:03:00,11:03:00,489,65,,0,0 
106202,11:06:00,11:06:00,432,70,,0,0 
107302,11:23:00,11:23:00,645A,1,,0,0 
107302,11:23:30,11:23:30,645,2,,0,0
107302,11:28:00,11:28:00,609,5,,0,0 
107302,11:31:00,11:31:00,646,10,,0,0 
107302,11:33:00,11:33:00,647,15,,0,0 
107302,11:36:00,11:36:00,438,20,,0,0 
107302,11:38:00,11:38:00,437,25,,0,0 
107302,11:43:00,11:43:00,443,30,,0,0 
107302,11:47:00,11:47:00,447,35,,0,0 
107302,11:52:00,11:52:00,624,40,,0,0 
107302,11:54:00,11:54:00,626,45,,0,0 
107302,11:57:00,11:57:00,631,50,,0,0 
107302,11:58:00,11:58:00,636,55,,0,0 
107302,11:59:00,11:59:00,642,60,,0,0 
107302,12:03:00,12:03:00,489,65,,0,0 
107302,12:06:00,12:06:00,432,70,,0,0 
108102,12:23:00,12:23:00,645A,1,,0,0 
108102,12:23:30,12:23:30,645,2,,0,0
108102,12:28:00,12:28:00,609,5,,0,0 
108102,12:31:00,12:31:00,646,10,,0,0 
108102,12:33:00,12:33:00,647,15,,0,0 
108102,12:36:00,12:36:00,438,20,,0,0 
108102,12:38:00,12:38:00,437,25,,0,0 
108102,12:43:00,12:43:00,443,30,,0,0 
108102,12:47:00,12:47:00,447,35,,0,0 
108102,12:52:00,12:52:00,624,40,,0,0 
108102,12:54:00,12:54:00,626,45,,0,0 
108102,12:57:00,12:57:00,631,50,,0,0 
108102,12:58:00,12:58:00,636,55,,0,0 
108102,12:59:00,12:59:00,642,60,,0,0 
108102,13:03:00,13:03:00,489,65,,0,0 
108102,13:06:00,13:06:00,432,70,,0,0 
109502,13:23:00,13:23:00,645A,1,,0,0 
109502,13:23:30,13:23:30,645,2,,0,0
109502,13:28:00,13:28:00,609,5,,0,0 
109502,13:31:00,13:31:00,646,10,,0,0 
109502,13:33:00,13:33:00,647,15,,0,0 
109502,13:36:00,13:36:00,438,20,,0,0 
109502,13:38:00,13:38:00,437,25,,0,0 
109502,13:43:00,13:43:00,443,30,,0,0 
109502,13:47:00,13:47:00,447,35,,0,0 
109502,13:52:00,13:52:00,624,40,,0,0 
109502,13:54:00,13:54:00,626,45,,0,0 
109502,13:57:00,13:57:00,631,50,,0,0 
109502,13:58:00,13:58:00,636,55,,0,0 
109502,13:59:00,13:59:00,642,60,,0,0 
109502,14:03:00,14:03:00,489,65,,0,0 
109502,14:06:00,14:06:00,432,70,,0,0 
110402,14:23:00,14:23:00,645A,1,,0,0 
110402,14:23:30,14:23:30,645,2,,0,0
110402,14:28:00,14:28:00,609,5,,0,0 
110402,14:31:00,14:31:00,646,10,,0,0 
110402,14:33:00,14:33:00,647,15,,0,0 
110402,14:36:00,14:36:00,438,20,,0,0 
110402,14:38:00,14:38:00,437,25,,0,0 
110402,14:43:00,14:43:00,443,30,,0,0 
110402,14:47:00,14:47:00,447,35,,0,0 
110402,14:52:00,14:52:00,624,40,,0,0 
110402,14:54:00,14:54:00,626,45,,0,0 
110402,14:57:00,14:57:00,631,50,,0,0 
110402,14:58:00,14:58:00,636,55,,0,0 
110402,14:59:00,14:59:00,642,60,,0,0 
110402,15:03:00,15:03:00,489,65,,0,0 
110402,15:06:00,15:06:00,432,70,,0,0 
111203,15:23:00,15:23:00,645A,1,,0,0 
111203,15:23:30,15:23:30,645,2,,0,0
111203,15:28:00,15:28:00,609,5,,0,0 
111203,15:31:00,15:31:00,646,10,,0,0 
111203,15:33:00,15:33:00,647,15,,0,0 
111203,15:36:00,15:36:00,438,20,,0,0 
111203,15:38:00,15:38:00,437,25,,0,0 
111203,15:43:00,15:43:00,443,30,,0,0 
111203,15:47:00,15:47:00,447,35,,0,0 
111203,15:52:00,15:52:00,624,40,,0,0 
111203,15:54:00,15:54:00,626,45,,0,0 
111203,15:57:00,15:57:00,631,50,,0,0 
111203,15:58:00,15:58:00,636,55,,0,0 
111203,15:59:00,15:59:00,642,60,,0,0 
111203,16:03:00,16:03:00,489,65,,0,0 
111203,16:06:00,16:06:00,432,70,,0,0 
112303,16:23:00,16:23:00,645A,1,,0,0 
112303,16:23:30,16:23:30,645,2,,0,0
112303,16:28:00,16:28:00,609,5,,0,0 
112303,16:31:00,16:31:00,646,10,,0,0 
112303,16:33:00,16:33:00,647,15,,0,0 
112303,16:36:00,16:36:00,438,20,,0,0 
112303,16:38:00,16:38:00,437,25,,0,0 
112303,16:43:00,16:43:00,443,30,,0,0 
112303,16:47:00,16:47:00,447,35,,0,0 
112303,16:52:00,16:52:00,624,40,,0,0 
112303,16:54:00,16:54:00,626,45,,0,0 
112303,16:57:00,16:57:00,631,50,,0,0 
112303,16:58:00,16:58:00,636,55,,0,0 
112303,16:59:00,16:59:00,642,60,,0,0 
112303,17:03:00,17:03:00,489,65,,0,0 
112303,17:06:00,17:06:00,432,70,,0,0 
113103,17:23:00,17:23:00,645A,1,,0,0 
113103,17:23:30,17:23:30,645,2,,0,0
113103,17:28:00,17:28:00,609,5,,0,0 
113103,17:31:00,17:31:00,646,10,,0,0 
113103,17:33:00,17:33:00,647,15,,0,0 
113103,17:36:00,17:36:00,438,20,,0,0 
113103,17:38:00,17:38:00,437,25,,0,0 
113103,17:43:00,17:43:00,443,30,,0,0 
113103,17:47:00,17:47:00,447,35,,0,0 
113103,17:52:00,17:52:00,624,40,,0,0 
113103,17:54:00,17:54:00,626,45,,0,0 
113103,17:57:00,17:57:00,631,50,,0,0 
113103,17:58:00,17:58:00,636,55,,0,0 
113103,17:59:00,17:59:00,642,60,,0,0 
113103,18:03:00,18:03:00,489,65,,0,0 
113103,18:06:00,18:06:00,432,70,,0,0 
114503,18:23:00,18:23:00,645A,1,,0,0 
114503,18:23:30,18:23:30,645,2,,0,0
114503,18:28:00,18:28:00,609,5,,0,0 
114503,18:31:00,18:31:00,646,10,,0,0 
114503,18:33:00,18:33:00,647,15,,0,0 
114503,18:36:00,18:36:00,438,20,,0,0 
114503,18:38:00,18:38:00,437,25,,0,0 
114503,18:43:00,18:43:00,443,30,,0,0 
114503,18:47:00,18:47:00,447,35,,0,0 
114503,18:52:00,18:52:00,624,40,,0,0 
114503,18:54:00,18:54:00,626,45,,0,0 
114503,18:57:00,18:57:00,631,50,,0,0 
114503,18:58:00,18:58:00,636,55,,0,0 
114503,18:59:00,18:59:00,642,60,,0,0 
114503,19:03:00,19:03:00,489,65,,0,0 
114503,19:06:00,19:06:00,432,70,,0,0 
115403,19:23:00,19:23:00,645A,1,,0,0
115403,19:23:30,19:23:30,645,2,,0,0
115403,19:28:00,19:28:00,609,5,,0,0 
115403,19:31:00,19:31:00,646,10,,0,0 
115403,19:33:00,19:33:00,647,15,,0,0 
115403,19:36:00,19:36:00,438,20,,0,0 
115403,19:38:00,19:38:00,437,25,,0,0 
115403,19:43:00,19:43:00,443,30,,0,0 
115403,19:47:00,19:47:00,447,35,,0,0 
115403,19:52:00,19:52:00,624,40,,0,0 
115403,19:54:00,19:54:00,626,45,,0,0 
115403,19:57:00,19:57:00,631,50,,0,0 
115403,19:58:00,19:58:00,636,55,,0,0 
115403,19:59:00,19:59:00,642,60,,0,0 
115403,20:03:00,20:03:00,489,65,,0,0 
115403,20:06:00,20:06:00,432,70,,0,0 
116204,20:23:00,20:23:00,645A,1,,0,0 
116204,20:23:00,20:23:30,645,2,,0,0
116204,20:28:00,20:28:00,609,5,,0,0 
116204,20:31:00,20:31:00,646,10,,0,0 
116204,20:33:00,20:33:00,647,15,,0,0 
116204,20:36:00,20:36:00,438,20,,0,0 
116204,20:38:00,20:38:00,437,25,,0,0 
116204,20:43:00,20:43:00,443,30,,0,0 
116204,20:47:00,20:47:00,447,35,,0,0 
116204,20:52:00,20:52:00,624,40,,0,0 
116204,20:54:00,20:54:00,626,45,,0,0 
116204,20:57:00,20:57:00,631,50,,0,0 
116204,20:58:00,20:58:00,636,55,,0,0 
116204,20:59:00,20:59:00,642,60,,0,0 
116204,21:03:00,21:03:00,489,65,,0,0 
116204,21:06:00,21:06:00,432,70,,0,0 
101211,6:27:00,6:27:00,432,1,,0,0
101211,6:29:00,6:29:00,489,5,,0,0
101211,6:31:00,6:31:00,643,10,,0,0
101211,6:32:00,6:32:00,636,15,,0,0
101211,6:33:00,6:33:00,631,20,,0,0
101211,6:36:00,6:36:00,626,30,,0,0
101211,6:37:00,6:37:00,624,35,,0,0
101211,6:39:00,6:39:00,447,40,,0,0
101211,6:42:00,6:42:00,443,45,,0,0
101211,6:45:00,6:45:00,437,55,,0,0
101211,6:47:00,6:47:00,438,60,,0,0
101211,7:00:00,7:00:00,614,65,,0,0
101211,7:02:00,7:02:00,646,70,,0,0
101211,7:05:00,7:05:00,609A,75,,0,0
101211,7:10:00,7:10:00,418,80,,0,0
101211,7:12:00,7:12:00,645A,85,,0,0
101211,7:13:00,7:13:00,645,90,,0,0
102311,7:27:00,7:27:00,432,1,,0,0
102311,7:29:00,7:29:00,489,5,,0,0
102311,7:31:00,7:31:00,643,10,,0,0
102311,7:32:00,7:32:00,636,15,,0,0
102311,7:33:00,7:33:00,631,20,,0,0
102311,7:36:00,7:36:00,626,30,,0,0
102311,7:37:00,7:37:00,624,35,,0,0
102311,7:39:00,7:39:00,447,40,,0,0
102311,7:42:00,7:42:00,443,45,,0,0
102311,7:45:00,7:45:00,437,55,,0,0
102311,7:47:00,7:47:00,438,60,,0,0
102311,8:00:00,8:00:00,614,65,,0,0
102311,8:02:00,8:02:00,646,70,,0,0
102311,8:05:00,8:05:00,609A,75,,0,0
102311,8:10:00,8:10:00,418,80,,0,0
102311,8:12:00,8:12:00,645A,85,,0,0
102311,8:13:00,8:13:00,645,90,,0,0
103111,8:27:00,8:27:00,432,1,,0,0
103111,8:29:00,8:29:00,489,5,,0,0
103111,8:31:00,8:31:00,643,10,,0,0
103111,8:32:00,8:32:00,636,15,,0,0
103111,8:33:00,8:33:00,631,20,,0,0
103111,8:36:00,8:36:00,626,30,,0,0
103111,8:37:00,8:37:00,624,35,,0,0
103111,8:39:00,8:39:00,447,40,,0,0
103111,8:42:00,8:42:00,443,45,,0,0
103111,8:45:00,8:45:00,437,55,,0,0
103111,8:47:00,8:47:00,438,60,,0,0
103111,9:00:00,9:00:00,614,65,,0,0
103111,9:02:00,9:02:00,646,70,,0,0
103111,9:05:00,9:05:00,609A,75,,0,0
103111,9:10:00,9:10:00,418,80,,0,0
103111,9:12:00,9:12:00,645A,85,,0,0
103111,9:13:00,9:13:00,645,90,,0,0
104511,9:27:00,9:27:00,432,1,,0,0
104511,9:29:00,9:29:00,489,5,,0,0
104511,9:31:00,9:31:00,643,10,,0,0
104511,9:32:00,9:32:00,636,15,,0,0
104511,9:33:00,9:33:00,631,20,,0,0
104511,9:36:00,9:36:00,626,30,,0,0
104511,9:37:00,9:37:00,624,35,,0,0
104511,9:39:00,9:39:00,447,40,,0,0
104511,9:42:00,9:42:00,443,45,,0,0
104511,9:45:00,9:45:00,437,55,,0,0
104511,9:47:00,9:47:00,438,60,,0,0
104511,10:00:00,10:00:00,614,65,,0,0
104511,10:02:00,10:02:00,646,70,,0,0
104511,10:05:00,10:05:00,609A,75,,0,0
104511,10:10:00,10:10:00,418,80,,0,0
104511,10:12:00,10:12:00,645A,85,,0,0
104511,10:13:00,10:13:00,645,90,,0,0
105411,10:27:00,10:27:00,432,1,,0,0
105411,10:29:00,10:29:00,489,5,,0,0
105411,10:31:00,10:31:00,643,10,,0,0
105411,10:32:00,10:32:00,636,15,,0,0
105411,10:33:00,10:33:00,631,20,,0,0
105411,10:36:00,10:36:00,626,30,,0,0
105411,10:37:00,10:37:00,624,35,,0,0
105411,10:39:00,10:39:00,447,40,,0,0
105411,10:42:00,10:42:00,443,45,,0,0
105411,10:45:00,10:45:00,437,55,,0,0
105411,10:47:00,10:47:00,438,60,,0,0
105411,11:00:00,11:00:00,614,65,,0,0
105411,11:02:00,11:02:00,646,70,,0,0
105411,11:05:00,11:05:00,609A,75,,0,0
105411,11:10:00,11:10:00,418,80,,0,0
105411,11:12:00,11:12:00,645A,85,,0,0
105411,11:13:00,11:13:00,645,90,,0,0
106212,11:27:00,11:27:00,432,1,,0,0
106212,11:29:00,11:29:00,489,5,,0,0
106212,11:31:00,11:31:00,643,10,,0,0
106212,11:32:00,11:32:00,636,15,,0,0
106212,11:33:00,11:33:00,631,20,,0,0
106212,11:36:00,11:36:00,626,30,,0,0
106212,11:37:00,11:37:00,624,35,,0,0
106212,11:39:00,11:39:00,447,40,,0,0
106212,11:42:00,11:42:00,443,45,,0,0
106212,11:45:00,11:45:00,437,55,,0,0
106212,11:47:00,11:47:00,438,60,,0,0
106212,12:00:00,12:00:00,614,65,,0,0
106212,12:02:00,12:02:00,646,70,,0,0
106212,12:05:00,12:05:00,609A,75,,0,0
106212,12:10:00,12:10:00,418,80,,0,0
106212,12:12:00,12:12:00,645A,85,,0,0
106212,12:13:00,12:13:00,645,90,,0,0
107312,12:27:00,12:27:00,432,1,,0,0
107312,12:29:00,12:29:00,489,5,,0,0
107312,12:31:00,12:31:00,643,10,,0,0
107312,12:32:00,12:32:00,636,15,,0,0
107312,12:33:00,12:33:00,631,20,,0,0
107312,12:36:00,12:36:00,626,30,,0,0
107312,12:37:00,12:37:00,624,35,,0,0
107312,12:39:00,12:39:00,447,40,,0,0
107312,12:42:00,12:42:00,443,45,,0,0
107312,12:45:00,12:45:00,437,55,,0,0
107312,12:47:00,12:47:00,438,60,,0,0
107312,13:00:00,13:00:00,614,65,,0,0
107312,13:02:00,13:02:00,646,70,,0,0
107312,13:05:00,13:05:00,609A,75,,0,0
107312,13:10:00,13:10:00,418,80,,0,0
107312,13:12:00,13:12:00,645A,85,,0,0
107312,13:13:00,13:13:00,645,90,,0,0
108112,13:27:00,13:27:00,432,1,,0,0
108112,13:29:00,13:29:00,489,5,,0,0
108112,13:31:00,13:31:00,643,10,,0,0
108112,13:32:00,13:32:00,636,15,,0,0
108112,13:33:00,13:33:00,631,20,,0,0
108112,13:36:00,13:36:00,626,30,,0,0
108112,13:37:00,13:37:00,624,35,,0,0
108112,13:39:00,13:39:00,447,40,,0,0
108112,13:42:00,13:42:00,443,45,,0,0
108112,13:45:00,13:45:00,437,55,,0,0
108112,13:47:00,13:47:00,438,60,,0,0
108112,14:00:00,14:00:00,614,65,,0,0
108112,14:02:00,14:02:00,646,70,,0,0
108112,14:05:00,14:05:00,609A,75,,0,0
108112,14:10:00,14:10:00,418,80,,0,0
108112,14:12:00,14:12:00,645A,85,,0,0
108112,14:13:00,14:13:00,645,90,,0,0
109512,14:27:00,14:27:00,432,1,,0,0
109512,14:29:00,14:29:00,489,5,,0,0
109512,14:31:00,14:31:00,643,10,,0,0
109512,14:32:00,14:32:00,636,15,,0,0
109512,14:33:00,14:33:00,631,20,,0,0
109512,14:36:00,14:36:00,626,30,,0,0
109512,14:37:00,14:37:00,624,35,,0,0
109512,14:39:00,14:39:00,447,40,,0,0
109512,14:42:00,14:42:00,443,45,,0,0
109512,14:45:00,14:45:00,437,55,,0,0
109512,14:47:00,14:47:00,438,60,,0,0
109512,15:00:00,15:00:00,614,65,,0,0
109512,15:02:00,15:02:00,646,70,,0,0
109512,15:05:00,15:05:00,609A,75,,0,0
109512,15:10:00,15:10:00,418,80,,0,0
109512,15:12:00,15:12:00,645A,85,,0,0
109512,15:13:00,15:13:00,645,90,,0,0
110412,15:27:00,15:27:00,432,1,,0,0
110412,15:29:00,15:29:00,489,5,,0,0
110412,15:31:00,15:31:00,643,10,,0,0
110412,15:32:00,15:32:00,636,15,,0,0
110412,15:33:00,15:33:00,631,20,,0,0
110412,15:36:00,15:36:00,626,30,,0,0
110412,15:37:00,15:37:00,624,35,,0,0
110412,15:39:00,15:39:00,447,40,,0,0
110412,15:42:00,15:42:00,443,45,,0,0
110412,15:45:00,15:45:00,437,55,,0,0
110412,15:47:00,15:47:00,438,60,,0,0
110412,16:00:00,16:00:00,614,65,,0,0
110412,16:02:00,16:02:00,646,70,,0,0
110412,16:05:00,16:05:00,609A,75,,0,0
110412,16:10:00,16:10:00,418,80,,0,0
110412,16:12:00,16:12:00,645A,85,,0,0
110412,16:13:00,16:13:00,645,90,,0,0
111213,16:27:00,16:27:00,432,1,,0,0
111213,16:29:00,16:29:00,489,5,,0,0
111213,16:31:00,16:31:00,643,10,,0,0
111213,16:32:00,16:32:00,636,15,,0,0
111213,16:33:00,16:33:00,631,20,,0,0
111213,16:36:00,16:36:00,626,30,,0,0
111213,16:37:00,16:37:00,624,35,,0,0
111213,16:39:00,16:39:00,447,40,,0,0
111213,16:42:00,16:42:00,443,45,,0,0
111213,16:45:00,16:45:00,437,55,,0,0
111213,16:47:00,16:47:00,438,60,,0,0
111213,17:00:00,17:00:00,614,65,,0,0
111213,17:02:00,17:02:00,646,70,,0,0
111213,17:05:00,17:05:00,609A,75,,0,0
111213,17:10:00,17:10:00,418,80,,0,0
111213,17:12:00,17:12:00,645A,85,,0,0
111213,17:13:00,17:13:00,645,90,,0,0
112313,17:27:00,17:27:00,432,1,,0,0
112313,17:29:00,17:29:00,489,5,,0,0
112313,17:31:00,17:31:00,643,10,,0,0
112313,17:32:00,17:32:00,636,15,,0,0
112313,17:33:00,17:33:00,631,20,,0,0
112313,17:36:00,17:36:00,626,30,,0,0
112313,17:37:00,17:37:00,624,35,,0,0
112313,17:39:00,17:39:00,447,40,,0,0
112313,17:42:00,17:42:00,443,45,,0,0
112313,17:45:00,17:45:00,437,55,,0,0
112313,17:47:00,17:47:00,438,60,,0,0
112313,18:00:00,18:00:00,614,65,,0,0
112313,18:02:00,18:02:00,646,70,,0,0
112313,18:05:00,18:05:00,609A,75,,0,0
112313,18:10:00,18:10:00,418,80,,0,0
112313,18:12:00,18:12:00,645A,85,,0,0
112313,18:13:00,18:13:00,645,90,,0,0
113113,18:27:00,18:27:00,432,1,,0,0
113113,18:29:00,18:29:00,489,5,,0,0
113113,18:31:00,18:31:00,643,10,,0,0
113113,18:32:00,18:32:00,636,15,,0,0
113113,18:33:00,18:33:00,631,20,,0,0
113113,18:36:00,18:36:00,626,30,,0,0
113113,18:37:00,18:37:00,624,35,,0,0
113113,18:39:00,18:39:00,447,40,,0,0
113113,18:42:00,18:42:00,443,45,,0,0
113113,18:45:00,18:45:00,437,55,,0,0
113113,18:47:00,18:47:00,438,60,,0,0
113113,19:00:00,19:00:00,614,65,,0,0
113113,19:02:00,19:02:00,646,70,,0,0
113113,19:05:00,19:05:00,609A,75,,0,0
113113,19:10:00,19:10:00,418,80,,0,0
113113,19:12:00,19:12:00,645A,85,,0,0
113113,19:13:00,19:13:00,645,90,,0,0
114513,19:27:00,19:27:00,432,1,,0,0
114513,19:29:00,19:29:00,489,5,,0,0
114513,19:31:00,19:31:00,643,10,,0,0
114513,19:32:00,19:32:00,636,15,,0,0
114513,19:33:00,19:33:00,631,20,,0,0
114513,19:36:00,19:36:00,626,30,,0,0
114513,19:37:00,19:37:00,624,35,,0,0
114513,19:39:00,19:39:00,447,40,,0,0
114513,19:42:00,19:42:00,443,45,,0,0
114513,19:45:00,19:45:00,437,55,,0,0
114513,19:47:00,19:47:00,438,60,,0,0
114513,20:00:00,20:00:00,614,65,,0,0
114513,20:02:00,20:02:00,646,70,,0,0
114513,20:05:00,20:05:00,609A,75,,0,0
114513,20:10:00,20:10:00,418,80,,0,0
114513,20:12:00,20:12:00,645A,85,,0,0
114513,20:13:00,20:13:00,645,90,,0,0
115413,20:27:00,20:27:00,432,1,,0,0
115413,20:29:00,20:29:00,489,5,,0,0
115413,20:31:00,20:31:00,643,10,,0,0
115413,20:32:00,20:32:00,636,15,,0,0
115413,20:33:00,20:33:00,631,20,,0,0
115413,20:36:00,20:36:00,626,30,,0,0
115413,20:37:00,20:37:00,624,35,,0,0
115413,20:39:00,20:39:00,447,40,,0,0
115413,20:42:00,20:42:00,443,45,,0,0
115413,20:45:00,20:45:00,437,55,,0,0
115413,20:47:00,20:47:00,438,60,,0,0
115413,21:00:00,21:00:00,614,65,,0,0
115413,21:02:00,21:02:00,646,70,,0,0
115413,21:05:00,21:05:00,609A,75,,0,0
115413,21:10:00,21:10:00,418,80,,0,0
115413,21:12:00,21:12:00,645A,85,,0,0
115413,21:13:00,21:13:00,645,90,,0,0
116214,21:27:00,21:27:00,432,1,,0,0
116214,21:29:00,21:29:00,489,5,,0,0
116214,21:31:00,21:31:00,643,10,,0,0
116214,21:32:00,21:32:00,636,15,,0,0
116214,21:33:00,21:33:00,631,20,,0,0
116214,21:36:00,21:36:00,626,30,,0,0
116214,21:37:00,21:37:00,624,35,,0,0
116214,21:39:00,21:39:00,447,40,,0,0
116214,21:42:00,21:42:00,443,45,,0,0
116214,21:45:00,21:45:00,437,55,,0,0
116214,21:47:00,21:47:00,438,60,,0,0
116214,22:00:00,22:00:00,614,65,,0,0
116214,22:02:00,22:02:00,646,70,,0,0
116214,22:05:00,22:05:00,609A,75,,0,0
116214,22:10:00,22:10:00,418,80,,0,0
116214,22:12:00,22:12:00,645A,85,,0,0
116214,22:13:00,22:13:00,645,90,,0,0
4101,6:00:00,6:00:00,645A,1,,0,0
4101,6:00:30,6:00:30,645,2,,0,0
4101,6:05:00,6:05:00,408,5,,0,0
4101,6:10:00,6:10:00,422,10,,0,0
4101,6:15:00,6:15:00,489,15,,0,0
4101,6:18:00,6:18:00,432,45,,0,0
4101,6:19:00,6:19:00,459,50,,0,0
4101,6:20:00,6:20:00,4591,55,,0,0
4101,6:20:30,6:20:30,4612,60,,0,0
4101,6:21:00,6:21:00,461,65,,0,0
4101,6:22:00,6:22:00,462,70,,0,0
4101,6:25:00,6:25:00,272,75,,0,0
4101,6:28:00,6:28:00,41,80,,0,0
4101,6:29:00,6:29:00,463,85,,0,0
4101,6:32:00,6:32:00,465,90,,0,0
4101,6:33:00,6:33:00,468,95,,0,0
4101,6:34:00,6:34:00,472,100,,0,0
4101,6:35:00,6:35:00,471,105,,0,0
4101,6:36:00,6:36:00,996,110,,0,0
4102,7:40:00,7:40:00,645A,1,,0,0
4102,7:40:30,7:40:30,645,2,,0,0
4102,7:45:00,7:45:00,408,5,,0,0
4102,7:50:00,7:50:00,422,10,,0,0
4102,7:55:00,7:55:00,489,15,,0,0
4102,7:59:00,7:59:00,434,20,,0,0
4102,8:05:00,8:05:00,458,25,,0,0
4102,8:09:00,8:09:00,454,30,,0,0
4102,8:11:00,8:11:00,458,35,,0,0
4102,8:15:00,8:15:00,434,40,,0,0
4102,8:19:00,8:19:00,432,45,,0,0
4102,8:20:00,8:20:00,459,50,,0,0
4102,8:21:00,8:21:00,4591,55,,0,0
4102,8:21:30,8:21:30,4612,60,,0,0
4102,8:22:00,8:22:00,461,65,,0,0
4102,8:23:00,8:23:00,462,70,,0,0
4102,8:26:00,8:26:00,272,75,,0,0
4102,8:29:00,8:29:00,41,80,,0,0
4102,8:30:00,8:30:00,463,85,,0,0
4102,8:33:00,8:33:00,465,90,,0,0
4102,8:34:00,8:34:00,468,95,,0,0
4102,8:35:00,8:35:00,472,100,,0,0
4102,8:36:00,8:36:00,471,105,,0,0
4102,8:37:00,8:37:00,996,110,,0,0
4103,9:30:00,9:30:00,645A,1,,0,0
4103,9:30:30,9:30:30,645,2,,0,0
4103,9:35:00,9:35:00,408,5,,0,0
4103,9:40:00,9:40:00,422,10,,0,0
4103,9:45:00,9:45:00,489,15,,0,0
4103,9:49:00,9:49:00,434,20,,0,0
4103,9:55:00,9:55:00,458,25,,0,0
4103,9:59:00,9:59:00,454,30,,0,0
4103,10:03:00,10:03:00,458,35,,0,0
4103,10:11:00,10:11:00,434,40,,0,0
4103,10:19:00,10:19:00,432,45,,0,0
4103,10:20:00,10:20:00,459,50,,0,0
4103,10:21:00,10:21:00,4591,55,,0,0
4103,10:21:30,10:21:30,4612,60,,0,0
4103,10:22:00,10:22:00,461,65,,0,0
4103,10:23:00,10:23:00,462,70,,0,0
4103,10:26:00,10:26:00,272,75,,0,0
4103,10:29:00,10:29:00,41,80,,0,0
4103,10:30:00,10:30:00,463,85,,0,0
4103,10:33:00,10:33:00,465,90,,0,0
4103,10:34:00,10:34:00,468,95,,0,0
4103,10:35:00,10:35:00,472,100,,0,0
4103,10:36:00,10:36:00,471,105,,0,0
4103,10:37:00,10:37:00,996,110,,0,0
4104,11:30:00,11:30:00,645A,1,,0,0
4104,11:30:30,11:30:30,645,2,,0,0
4104,11:35:00,11:35:00,408,5,,0,0
4104,11:40:00,11:40:00,422,10,,0,0
4104,11:45:00,11:45:00,489,15,,0,0
4104,11:48:00,11:48:00,432,45,,0,0
4104,11:49:00,11:49:00,459,50,,0,0
4104,11:50:00,11:50:00,4591,55,,0,0
4104,11:50:30,11:50:30,4612,60,,0,0
4104,11:51:00,11:51:00,461,65,,0,0
4104,11:52:00,11:52:00,462,70,,0,0
4104,11:55:00,11:55:00,272,75,,0,0
4104,11:58:00,11:58:00,41,80,,0,0
4104,11:59:00,11:59:00,463,85,,0,0
4104,12:02:00,12:02:00,465,90,,0,0
4104,12:03:00,12:03:00,468,95,,0,0
4104,12:04:00,12:04:00,472,100,,0,0
4104,12:05:00,12:05:00,471,105,,0,0
4104,12:06:00,12:06:00,996,110,,0,0
4105,15:30:00,15:30:00,645A,1,,0,0
4105,15:30:30,15:30:30,645,2,,0,0
4105,15:35:00,15:35:00,408,5,,0,0
4105,15:40:00,15:40:00,422,10,,0,0
4105,15:45:00,15:45:00,489,15,,0,0
4105,15:49:00,15:49:00,434,20,,0,0
4105,15:55:00,15:55:00,458,25,,0,0
4105,15:59:00,15:59:00,454,30,,0,0
4105,16:03:00,16:03:00,458,35,,0,0
4105,16:11:00,16:11:00,434,40,,0,0
4105,16:19:00,16:19:00,432,45,,0,0
4105,16:20:00,16:20:00,459,50,,0,0
4105,16:21:00,16:21:00,4591,55,,0,0
4105,16:21:30,16:21:30,4612,60,,0,0
4105,16:22:00,16:22:00,461,65,,0,0
4105,16:23:00,16:23:00,462,70,,0,0
4105,16:26:00,16:26:00,272,75,,0,0
4105,16:29:00,16:29:00,41,80,,0,0
4105,16:30:00,16:30:00,463,85,,0,0
4105,16:33:00,16:33:00,465,90,,0,0
4105,16:34:00,16:34:00,468,95,,0,0
4105,16:35:00,16:35:00,472,100,,0,0
4105,16:36:00,16:36:00,471,105,,0,0
4105,16:37:00,16:37:00,996,110,,0,0
4106,17:30:00,17:30:00,645A,1,,0,0
4106,17:30:30,17:30:30,645,2,,0,0
4106,17:35:00,17:35:00,408,5,,0,0
4106,17:40:00,17:40:00,422,10,,0,0
4106,17:45:00,17:45:00,489,15,,0,0
4106,17:49:00,17:49:00,434,20,,0,0
4106,17:55:00,17:55:00,458,25,,0,0
4106,17:59:00,17:59:00,454,30,,0,0
4106,18:03:00,18:03:00,458,35,,0,0
4106,18:11:00,18:11:00,434,40,,0,0
4106,18:19:00,18:19:00,432,45,,0,0
4106,18:20:00,18:20:00,459,50,,0,0
4106,18:21:00,18:21:00,4591,55,,0,0
4106,18:21:30,18:21:30,4612,60,,0,0
4106,18:22:00,18:22:00,461,65,,0,0
4106,18:23:00,18:23:00,462,70,,0,0
4106,18:26:00,18:26:00,272,75,,0,0
4106,18:29:00,18:29:00,41,80,,0,0
4106,18:30:00,18:30:00,463,85,,0,0
4106,18:33:00,18:33:00,465,90,,0,0
4106,18:34:00,18:34:00,468,95,,0,0
4106,18:35:00,18:35:00,472,100,,0,0
4106,18:36:00,18:36:00,471,105,,0,0
4106,18:37:00,18:37:00,996,110,,0,0
4107,19:30:00,19:30:00,645A,1,,0,0
4107,19:30:30,19:30:30,645,2,,0,0
4107,19:35:00,19:35:00,408,5,,0,0
4107,19:40:00,19:40:00,422,10,,0,0
4107,19:45:00,19:45:00,489,15,,0,0
4107,19:49:00,19:49:00,434,20,,0,0
4107,19:55:00,19:55:00,458,25,,0,0
4107,19:59:00,19:59:00,454,30,,0,0
4107,20:03:00,20:03:00,458,35,,0,0
4107,20:11:00,20:11:00,434,40,,0,0
4107,20:19:00,20:19:00,432,45,,0,0
4107,20:20:00,20:20:00,459,50,,0,0
4107,20:21:00,20:21:00,4591,55,,0,0
4107,20:21:30,20:21:30,4612,60,,0,0
4107,20:22:00,20:22:00,461,65,,0,0
4107,20:23:00,20:23:00,462,70,,0,0
4107,20:26:00,20:26:00,272,75,,0,0
4107,20:29:00,20:29:00,41,80,,0,0
4107,20:30:00,20:30:00,463,85,,0,0
4107,20:33:00,20:33:00,465,90,,0,0
4107,20:34:00,20:34:00,468,95,,0,0
4107,20:35:00,20:35:00,472,100,,0,0
4107,20:36:00,20:36:00,471,105,,0,0
4107,20:37:00,20:37:00,996,110,,0,0
4111,6:37:00,6:37:00,996,1,,0,0
4111,6:38:00,6:38:00,471,5,,0,0
4111,6:39:00,6:39:00,472,10,,0,0
4111,6:40:00,6:40:00,468,15,,0,0
4111,6:41:00,6:41:00,465,45,,0,0
4111,6:44:00,6:44:00,463,50,,0,0
4111,6:46:00,6:46:00,41,55,,0,0
4111,6:53:00,6:53:00,272,60,,0,0
4111,6:55:00,6:55:00,462,65,,0,0
4111,6:57:00,6:57:00,461,70,,0,0
4111,6:57:30,6:57:30,4612,75,,0,0
4111,6:58:00,6:58:00,4591,80,,0,0
4111,6:58:30,6:58:30,459,85,,0,0
4111,6:59:00,6:59:00,432,90,,0,0
4111,6:59:00,6:59:00,489,95,,0,0
4111,7:04:00,7:04:00,422,100,,0,0
4111,7:08:00,7:08:00,408,105,,0,0
4111,7:10:00,7:10:00,645A,110,,0,0
4111,7:10:30,7:10:30,645,111,,0,0
4112,8:38:00,8:38:00,996,1,,0,0
4112,8:39:00,8:39:00,471,5,,0,0
4112,8:40:00,8:40:00,472,10,,0,0
4112,8:41:00,8:41:00,468,15,,0,0
4112,8:42:00,8:42:00,465,45,,0,0
4112,8:45:00,8:45:00,463,50,,0,0
4112,8:47:00,8:47:00,41,55,,0,0
4112,8:54:00,8:54:00,272,60,,0,0
4112,8:56:00,8:56:00,462,65,,0,0
4112,8:58:00,8:58:00,461,70,,0,0
4112,8:58:30,8:58:30,4612,75,,0,0
4112,8:59:00,8:59:00,4591,80,,0,0
4112,8:59:30,8:59:30,459,85,,0,0
4112,9:00:00,9:00:00,432,90,,0,0
4112,9:00:00,9:00:00,489,95,,0,0
4112,9:04:00,9:04:00,422,100,,0,0
4112,9:09:00,9:09:00,408,105,,0,0
4112,9:11:00,9:11:00,645A,110,,0,0
4112,9:11:30,9:11:30,645,111,,0,0
4113,10:38:00,10:38:00,996,1,,0,0
4113,10:39:00,10:39:00,471,5,,0,0
4113,10:40:00,10:40:00,472,10,,0,0
4113,10:41:00,10:41:00,468,15,,0,0
4113,10:42:00,10:42:00,465,45,,0,0
4113,10:45:00,10:45:00,463,50,,0,0
4113,10:47:00,10:47:00,41,55,,0,0
4113,10:54:00,10:54:00,272,60,,0,0
4113,10:56:00,10:56:00,462,65,,0,0
4113,10:58:00,10:58:00,461,70,,0,0
4113,10:58:30,10:58:30,4612,75,,0,0
4113,10:59:00,10:59:00,4591,80,,0,0
4113,10:59:30,10:59:30,459,85,,0,0
4113,11:00:00,11:00:00,432,90,,0,0
4113,11:00:00,11:00:00,489,95,,0,0
4113,11:04:00,11:04:00,422,100,,0,0
4113,11:09:00,11:09:00,408,105,,0,0
4113,11:11:00,11:11:00,645A,110,,0,0
4113,11:11:30,11:11:30,645,111,,0,0
4114,12:07:00,12:07:00,996,1,,0,0
4114,12:08:00,12:08:00,471,5,,0,0
4114,12:09:00,12:09:00,472,10,,0,0
4114,12:10:00,12:10:00,468,15,,0,0
4114,12:11:00,12:11:00,465,45,,0,0
4114,12:14:00,12:14:00,463,50,,0,0
4114,12:16:00,12:16:00,41,55,,0,0
4114,12:23:00,12:23:00,272,60,,0,0
4114,12:25:00,12:25:00,462,65,,0,0
4114,12:27:00,12:27:00,461,70,,0,0
4114,12:27:30,12:27:30,4612,75,,0,0
4114,12:28:00,12:28:00,4591,80,,0,0
4114,12:28:30,12:28:30,459,85,,0,0
4114,12:29:00,12:29:00,432,90,,0,0
4114,12:29:00,12:29:00,489,95,,0,0
4114,12:33:00,12:33:00,422,100,,0,0
4114,12:38:00,12:38:00,408,105,,0,0
4114,12:43:00,12:43:00,645A,110,,0,0
4114,12:43:30,12:43:30,645,111,,0,0
4115,16:38:00,16:38:00,996,1,,0,0
4115,16:39:00,16:39:00,471,5,,0,0
4115,16:40:00,16:40:00,472,10,,0,0
4115,16:41:00,16:41:00,468,15,,0,0
4115,16:42:00,16:42:00,465,45,,0,0
4115,16:45:00,16:45:00,463,50,,0,0
4115,16:47:00,16:47:00,41,55,,0,0
4115,16:54:00,16:54:00,272,60,,0,0
4115,16:56:00,16:56:00,462,65,,0,0
4115,16:58:00,16:58:00,461,70,,0,0
4115,16:58:30,16:58:30,4612,75,,0,0
4115,16:59:00,16:59:00,4591,80,,0,0
4115,16:59:30,16:59:30,459,85,,0,0
4115,17:00:00,17:00:00,432,90,,0,0
4115,17:00:00,17:00:00,489,95,,0,0
4115,17:04:00,17:04:00,422,100,,0,0
4115,17:09:00,17:09:00,408,105,,0,0
4115,17:11:00,17:11:00,645A,110,,0,0
4115,17:11:30,17:11:30,645,111,,0,0
4116,18:38:00,18:38:00,996,1,,0,0
4116,18:39:00,18:39:00,471,5,,0,0
4116,18:40:00,18:40:00,472,10,,0,0
4116,18:41:00,18:41:00,468,15,,0,0
4116,18:42:00,18:42:00,465,45,,0,0
4116,18:45:00,18:45:00,463,50,,0,0
4116,18:47:00,18:47:00,41,55,,0,0
4116,18:54:00,18:54:00,272,60,,0,0
4116,18:56:00,18:56:00,462,65,,0,0
4116,18:58:00,18:58:00,461,70,,0,0
4116,18:58:30,18:58:30,4612,75,,0,0
4116,18:59:00,18:59:00,4591,80,,0,0
4116,18:59:30,18:59:30,459,85,,0,0
4116,19:00:00,19:00:00,432,90,,0,0
4116,19:00:00,19:00:00,489,95,,0,0
4116,19:04:00,19:04:00,422,100,,0,0
4116,19:09:00,19:09:00,408,105,,0,0
4116,19:11:00,19:11:00,645A,110,,0,0
4116,19:11:30,19:11:30,645,111,,0,0
4117,20:38:00,20:38:00,996,1,,0,0
4117,20:39:00,20:39:00,471,5,,0,0
4117,20:40:00,20:40:00,472,10,,0,0
4117,20:41:00,20:41:00,468,15,,0,0
4117,20:42:00,20:42:00,465,45,,0,0
4117,20:45:00,20:45:00,463,50,,0,0
4117,20:47:00,20:47:00,41,55,,0,0
4117,20:54:00,20:54:00,272,60,,0,0
4117,20:56:00,20:56:00,462,65,,0,0
4117,20:58:00,20:58:00,461,70,,0,0
4117,20:58:30,20:58:30,4612,75,,0,0
4117,20:59:00,20:59:00,4591,80,,0,0
4117,20:59:30,20:59:30,459,85,,0,0
4117,21:00:00,21:00:00,432,90,,0,0
4117,21:00:00,21:00:00,489,95,,0,0
4117,21:04:00,21:04:00,422,100,,0,0
4117,21:09:00,21:09:00,408,105,,0,0
4117,21:11:00,21:11:00,645A,110,,0,0
4117,21:11:30,21:11:30,645,111,,0,0
3111,6:20:00,6:20:00,7,1,,0,0
3111,6:27:00,6:27:00,18,5,,0,0
3111,6:34:00,6:34:00,4,10,,0,0
3111,6:37:00,6:37:00,2,15,,0,0
3111,6:43:00,6:43:00,5,20,,0,0
3111,6:46:00,6:46:00,22,25,,0,0
3111,6:48:00,6:48:00,23,30,,0,0
3111,6:50:00,6:50:00,70,35,,0,0
3111,6:56:00,6:56:00,29,40,,0,0
3111,6:57:00,6:57:00,32,45,,0,0
3111,7:00:00,7:00:00,36,50,,0,0
3111,7:03:00,7:03:00,44,55,,0,0
3111,7:06:00,7:06:00,59,65,,0,0
3111,7:14:00,7:14:00,259,70,,0,0
3112,9:00:00,9:00:00,7,1,,0,0
3112,9:07:00,9:07:00,18,5,,0,0
3112,9:14:00,9:14:00,4,10,,0,0
3112,9:17:00,9:17:00,2,15,,0,0
3112,9:23:00,9:23:00,5,20,,0,0
3112,9:26:00,9:26:00,22,25,,0,0
3112,9:28:00,9:28:00,23,30,,0,0
3112,9:30:00,9:30:00,70,35,,0,0
3112,9:36:00,9:36:00,29,40,,0,0
3112,9:37:00,9:37:00,32,45,,0,0
3112,9:40:00,9:40:00,36,50,,0,0
3112,9:43:00,9:43:00,44,55,,0,0
3112,9:52:00,9:52:00,56,60,,0,0
3112,9:55:00,9:55:00,59,65,,0,0
3112,10:03:00,10:03:00,259,70,,0,0
3113,12:00:00,12:00:00,7,1,,0,0
3113,12:07:00,12:07:00,18,5,,0,0
3113,12:14:00,12:14:00,4,10,,0,0
3113,12:17:00,12:17:00,2,15,,0,0
3113,12:23:00,12:23:00,5,20,,0,0
3113,12:26:00,12:26:00,22,25,,0,0
3113,12:28:00,12:28:00,23,30,,0,0
3113,12:30:00,12:30:00,70,35,,0,0
3113,12:36:00,12:36:00,29,40,,0,0
3113,12:37:00,12:37:00,32,45,,0,0
3113,12:40:00,12:40:00,36,50,,0,0
3113,12:43:00,12:43:00,44,55,,0,0
3113,12:52:00,12:52:00,56,60,,0,0
3113,12:55:00,12:55:00,59,65,,0,0
3113,13:03:00,13:03:00,259,70,,0,0
3114,15:40:00,15:40:00,7,1,,0,0
3114,15:47:00,15:47:00,18,5,,0,0
3114,15:54:00,15:54:00,4,10,,0,0
3114,15:57:00,15:57:00,2,15,,0,0
3114,16:03:00,16:03:00,5,20,,0,0
3114,16:06:00,16:06:00,22,25,,0,0
3114,16:08:00,16:08:00,23,30,,0,0
3114,16:10:00,16:10:00,70,35,,0,0
3114,16:16:00,16:16:00,29,40,,0,0
3114,16:17:00,16:17:00,32,45,,0,0
3114,16:20:00,16:20:00,36,50,,0,0
3114,16:23:00,16:23:00,44,55,,0,0
3114,16:32:00,16:32:00,56,60,,0,0
3114,16:35:00,16:35:00,59,65,,0,0
3114,16:43:00,16:43:00,259,70,,0,0
3101,7:30:00,7:30:00,259,1,,0,0
3101,7:38:00,7:38:00,59,5,,0,0
3101,7:44:00,7:44:00,56,10,,0,0
3101,7:51:00,7:51:00,44,15,,0,0
3101,7:54:00,7:54:00,36,20,,0,0
3101,7:57:00,7:57:00,32,25,,0,0
3101,7:58:00,7:58:00,29,30,,0,0
3101,8:02:00,8:02:00,70,35,,0,0
3101,8:04:00,8:04:00,23,40,,0,0
3101,8:07:00,8:07:00,22,45,,0,0
3101,8:10:00,8:10:00,5,50,,0,0
3101,8:17:00,8:17:00,2,55,,0,0
3101,8:23:00,8:23:00,4,60,,0,0
3101,8:28:00,8:28:00,18,65,,0,0
3101,8:35:00,8:35:00,7,70,,0,0
3102,10:30:00,10:30:00,259,1,,0,0
3102,10:38:00,10:38:00,59,5,,0,0
3102,10:44:00,10:44:00,56,10,,0,0
3102,10:51:00,10:51:00,44,15,,0,0
3102,10:54:00,10:54:00,36,20,,0,0
3102,10:57:00,10:57:00,32,25,,0,0
3102,10:58:00,10:58:00,29,30,,0,0
3102,11:02:00,11:02:00,70,35,,0,0
3102,11:04:00,11:04:00,23,40,,0,0
3102,11:07:00,11:07:00,22,45,,0,0
3102,11:10:00,11:10:00,5,50,,0,0
3102,11:17:00,11:17:00,2,55,,0,0
3102,11:23:00,11:23:00,4,60,,0,0
3102,11:28:00,11:28:00,18,65,,0,0
3102,11:35:00,11:35:00,7,70,,0,0
3103,14:30:00,14:30:00,259,1,,0,0
3103,14:38:00,14:38:00,59,5,,0,0
3103,14:44:00,14:44:00,56,10,,0,0
3103,14:51:00,14:51:00,44,15,,0,0
3103,14:54:00,14:54:00,36,20,,0,0
3103,14:57:00,14:57:00,32,25,,0,0
3103,14:58:00,14:58:00,29,30,,0,0
3103,15:02:00,15:02:00,70,35,,0,0
3103,15:04:00,15:04:00,23,40,,0,0
3103,15:07:00,15:07:00,22,45,,0,0
3103,15:10:00,15:10:00,5,50,,0,0
3103,15:17:00,15:17:00,2,55,,0,0
3103,15:23:00,15:23:00,4,60,,0,0
3103,15:28:00,15:28:00,18,65,,0,0
3103,15:35:00,15:35:00,7,70,,0,0
3104,17:30:00,17:30:00,259,1,,0,0
3104,17:38:00,17:38:00,59,5,,0,0
3104,17:44:00,17:44:00,56,10,,0,0
3104,17:51:00,17:51:00,44,15,,0,0
3104,17:54:00,17:54:00,36,20,,0,0
3104,17:57:00,17:57:00,32,25,,0,0
3104,17:58:00,17:58:00,29,30,,0,0
3104,18:02:00,18:02:00,70,35,,0,0
3104,18:04:00,18:04:00,23,40,,0,0
3104,18:07:00,18:07:00,22,45,,0,0
3104,18:10:00,18:10:00,5,50,,0,0
3104,18:17:00,18:17:00,2,55,,0,0
3104,18:23:00,18:23:00,4,60,,0,0
3104,18:28:00,18:28:00,18,65,,0,0
3104,18:35:00,18:35:00,7,70,,0,0
3125,18:36:00,18:36:00,7,1,,0,0
3125,19:07:00,19:07:00,235,2,,0,0
7111,5:35:00,5:35:00,642,1,,0,0
7111,5:45:00,5:45:00,402,5,,0,0
7111,5:55:00,5:55:00,259,10,,0,0
7111,6:00:00,6:00:00,898,15,,0,0
7111,6:35:00,6:35:00,899,20,,0,0
7121,16:40:00,16:40:00,899,1,,0,0
7121,17:15:00,17:15:00,898,5,,0,0
7121,17:20:00,17:20:00,259,10,,0,0
7121,17:30:00,17:30:00,402,15,,0,0
7121,17:40:00,17:40:00,642,20,,0,0
7131,15:40:00,15:40:00,899,1,,0,0
7131,16:15:00,16:15:00,898,5,,0,0
7131,16:20:00,16:20:00,259,10,,0,0
7131,16:30:00,16:30:00,402,15,,0,0
7131,16:40:00,16:40:00,642,20,,0,0
201151,6:30:00,6:30:00,226,1,,0,0
201151,6:32:00,6:32:00,224,5,,0,0
201151,6:33:00,6:33:00,222,10,,0,0
201151,6:35:00,6:35:00,220,15,,0,0
201151,6:36:00,6:36:00,218,20,,0,0
201151,6:42:00,6:42:00,251,30,,0,0
201151,6:46:00,6:46:00,212,40,,0,0
201151,6:47:00,6:47:00,213,45,,0,0
201151,6:49:00,6:49:00,271,50,,0,0
201151,6:50:00,6:50:00,209,65,,0,0
201151,6:51:00,6:51:00,205,70,,0,0
201151,6:56:00,6:56:00,997,75,,0,0
201151,7:00:00,7:00:00,230,80,,0,0
201151,7:02:00,7:02:00,201,85,,0,0
201151,7:04:00,7:04:00,2272,90,,0,0
201151,7:07:00,7:07:00,233,95,,0,0
201151,7:11:00,7:11:00,235,100,,0,0
201151,7:12:00,7:12:00,250,110,,0,0
201151,7:14:00,7:14:00,249,115,,0,0
201151,7:19:00,7:19:00,240,120,,0,0
201151,7:21:00,7:21:00,259,125,,0,0
201151,7:24:00,7:24:00,247,130,,0,0
201151,7:28:00,7:28:00,645,135,,0,0
101141,7:29:00,7:29:00,645A,1,,0,0
101141,7:34:00,7:34:00,609,5,,0,0
101141,7:37:00,7:37:00,646,10,,0,0
101141,7:39:00,7:39:00,647,15,,0,0
101141,7:42:00,7:42:00,438,20,,0,0
101141,7:45:00,7:45:00,437,25,,0,0
101141,7:49:00,7:49:00,443,30,,0,0
101141,7:53:00,7:53:00,447,35,,0,0
101141,7:58:00,7:58:00,624,40,,0,0
101141,8:00:00,8:00:00,626,45,,0,0
101141,8:03:00,8:03:00,631,50,,0,0
101141,8:04:00,8:04:00,636,55,,0,0
101141,8:05:00,8:05:00,642,60,,0,0
101141,8:09:00,8:09:00,489,65,,0,0
101141,8:12:00,8:12:00,432,70,,0,0
101151,8:33:00,8:33:00,432,1,,0,0
101151,8:36:00,8:36:00,489,5,,0,0
101151,8:40:00,8:40:00,642,10,,0,0
101151,8:41:00,8:41:00,636,15,,0,0
101151,8:42:00,8:42:00,631,20,,0,0
101151,8:45:00,8:45:00,626,25,,0,0
101151,8:47:00,8:47:00,624,30,,0,0
101151,8:52:00,8:52:00,447,35,,0,0
101151,8:56:00,8:56:00,443,40,,0,0
101151,8:59:00,8:59:00,438,45,,0,0
101151,9:02:00,9:02:00,437,50,,0,0
101151,9:05:00,9:05:00,614,55,,0,0
101151,9:07:00,9:07:00,646,60,,0,0
101151,9:10:00,9:10:00,609A,65,,0,0
101151,9:16:00,9:16:00,418,67,,0,0
101151,9:19:00,9:19:00,645A,70,,0,0
101151,9:19:30,9:19:30,645,75,,0,0
201141,9:20:00,9:20:00,645,1,,0,0
201141,9:24:00,9:24:00,247,5,,0,0
201141,9:27:00,9:27:00,259,10,,0,0
201141,9:32:00,9:32:00,240,15,,0,0
201141,9:34:00,9:34:00,249,20,,0,0
201141,9:35:00,9:35:00,250,25,,0,0
201141,9:37:00,9:37:00,235,30,,0,0
201141,9:41:00,9:41:00,233,35,,0,0
201141,9:44:00,9:44:00,2272,40,,0,0
201141,9:46:00,9:46:00,201,45,,0,0
201141,9:49:00,9:49:00,230,50,,0,0
201141,9:52:00,9:52:00,997,65,,0,0
201141,9:57:00,9:57:00,205,75,,0,0
201141,9:58:00,9:58:00,209,80,,0,0
201141,9:59:00,9:59:00,271,85,,0,0
201141,10:00:00,10:00:00,251,90,,0,0
201141,10:04:00,10:04:00,212,95,,0,0
201141,10:05:00,10:05:00,213,100,,0,0
201141,10:12:00,10:12:00,218,110,,0,0
201141,10:13:00,10:13:00,220,115,,0,0
201141,10:15:00,10:15:00,222,120,,0,0
201141,10:16:00,10:16:00,224,125,,0,0
201141,10:18:00,10:18:00,226,130,,0,0
202251,8:30:00,8:30:00,226,1,,0,0
202251,8:32:00,8:32:00,224,5,,0,0
202251,8:33:00,8:33:00,222,10,,0,0
202251,8:35:00,8:35:00,220,15,,0,0
202251,8:36:00,8:36:00,218,20,,0,0
202251,8:42:00,8:42:00,251,30,,0,0
202251,8:46:00,8:46:00,212,40,,0,0
202251,8:47:00,8:47:00,213,45,,0,0
202251,8:49:00,8:49:00,271,50,,0,0
202251,8:50:00,8:50:00,209,65,,0,0
202251,8:51:00,8:51:00,205,70,,0,0
202251,8:56:00,8:56:00,997,75,,0,0
202251,9:00:00,9:00:00,230,80,,0,0
202251,9:02:00,9:02:00,201,85,,0,0
202251,9:04:00,9:04:00,2272,90,,0,0
202251,9:07:00,9:07:00,233,95,,0,0
202251,9:11:00,9:11:00,235,100,,0,0
202251,9:12:00,9:12:00,250,110,,0,0
202251,9:14:00,9:14:00,249,115,,0,0
202251,9:19:00,9:19:00,240,120,,0,0
202251,9:21:00,9:21:00,259,125,,0,0
202251,9:24:00,9:24:00,247,130,,0,0
202251,9:28:00,9:28:00,645,135,,0,0
102241,9:29:00,9:29:00,645A,1,,0,0
102241,9:34:00,9:34:00,609,5,,0,0
102241,9:37:00,9:37:00,646,10,,0,0
102241,9:39:00,9:39:00,647,15,,0,0
102241,9:42:00,9:42:00,438,20,,0,0
102241,9:45:00,9:45:00,437,25,,0,0
102241,9:49:00,9:49:00,443,30,,0,0
102241,9:53:00,9:53:00,447,35,,0,0
102241,9:58:00,9:58:00,624,40,,0,0
102241,10:00:00,10:00:00,626,45,,0,0
102241,10:03:00,10:03:00,631,50,,0,0
102241,10:04:00,10:04:00,636,55,,0,0
102241,10:05:00,10:05:00,642,60,,0,0
102241,10:09:00,10:09:00,489,65,,0,0
102241,10:12:00,10:12:00,432,70,,0,0
102251,10:33:00,10:33:00,432,1,,0,0
102251,10:36:00,10:36:00,489,5,,0,0
102251,10:40:00,10:40:00,642,10,,0,0
102251,10:41:00,10:41:00,636,15,,0,0
102251,10:42:00,10:42:00,631,20,,0,0
102251,10:45:00,10:45:00,626,25,,0,0
102251,10:47:00,10:47:00,624,30,,0,0
102251,10:52:00,10:52:00,447,35,,0,0
102251,10:56:00,10:56:00,443,40,,0,0
102251,10:59:00,10:59:00,438,45,,0,0
102251,11:02:00,11:02:00,437,50,,0,0
102251,11:05:00,11:05:00,614,55,,0,0
102251,11:07:00,11:07:00,646,60,,0,0
102251,11:10:00,11:10:00,609A,65,,0,0
102251,11:16:00,11:16:00,418,67,,0,0
102251,11:19:00,11:19:00,645A,70,,0,0
102251,11:19:30,11:19:30,645,75,,0,0
202241,11:20:00,11:20:00,645,1,,0,0
202241,11:24:00,11:24:00,247,5,,0,0
202241,11:27:00,11:27:00,259,10,,0,0
202241,11:32:00,11:32:00,240,15,,0,0
202241,11:34:00,11:34:00,249,20,,0,0
202241,11:35:00,11:35:00,250,25,,0,0
202241,11:37:00,11:37:00,235,30,,0,0
202241,11:41:00,11:41:00,233,35,,0,0
202241,11:44:00,11:44:00,2272,40,,0,0
202241,11:46:00,11:46:00,201,45,,0,0
202241,11:49:00,11:49:00,230,50,,0,0
202241,11:52:00,11:52:00,997,65,,0,0
202241,11:57:00,11:57:00,205,75,,0,0
202241,11:58:00,11:58:00,209,80,,0,0
202241,11:59:00,11:59:00,271,85,,0,0
202241,12:00:00,12:00:00,251,90,,0,0
202241,12:04:00,12:04:00,212,95,,0,0
202241,12:05:00,12:05:00,213,100,,0,0
202241,12:12:00,12:12:00,218,110,,0,0
202241,12:13:00,12:13:00,220,115,,0,0
202241,12:15:00,12:15:00,222,120,,0,0
202241,12:16:00,12:16:00,224,125,,0,0
202241,12:18:00,12:18:00,226,130,,0,0
203351,9:30:00,9:30:00,226,1,,0,0
203351,9:32:00,9:32:00,224,5,,0,0
203351,9:33:00,9:33:00,222,10,,0,0
203351,9:35:00,9:35:00,220,15,,0,0
203351,9:36:00,9:36:00,218,20,,0,0
203351,9:42:00,9:42:00,251,30,,0,0
203351,9:46:00,9:46:00,212,40,,0,0
203351,9:47:00,9:47:00,213,45,,0,0
203351,9:49:00,9:49:00,271,50,,0,0
203351,9:50:00,9:50:00,209,65,,0,0
203351,9:51:00,9:51:00,205,70,,0,0
203351,9:56:00,9:56:00,997,75,,0,0
203351,10:00:00,10:00:00,230,80,,0,0
203351,10:02:00,10:02:00,201,85,,0,0
203351,10:04:00,10:04:00,2272,90,,0,0
203351,10:07:00,10:07:00,233,95,,0,0
203351,10:11:00,10:11:00,235,100,,0,0
203351,10:12:00,10:12:00,250,110,,0,0
203351,10:14:00,10:14:00,249,115,,0,0
203351,10:19:00,10:19:00,240,120,,0,0
203351,10:21:00,10:21:00,259,125,,0,0
203351,10:24:00,10:24:00,247,130,,0,0
203351,10:28:00,10:28:00,645,135,,0,0
103341,10:29:00,10:29:00,645A,1,,0,0
103341,10:34:00,10:34:00,609,5,,0,0
103341,10:37:00,10:37:00,646,10,,0,0
103341,10:39:00,10:39:00,647,15,,0,0
103341,10:42:00,10:42:00,438,20,,0,0
103341,10:45:00,10:45:00,437,25,,0,0
103341,10:49:00,10:49:00,443,30,,0,0
103341,10:53:00,10:53:00,447,35,,0,0
103341,10:58:00,10:58:00,624,40,,0,0
103341,11:00:00,11:00:00,626,45,,0,0
103341,11:03:00,11:03:00,631,50,,0,0
103341,11:04:00,11:04:00,636,55,,0,0
103341,11:05:00,11:05:00,642,60,,0,0
103341,11:09:00,11:09:00,489,65,,0,0
103341,11:12:00,11:12:00,432,70,,0,0
103351,11:33:00,11:33:00,432,1,,0,0
103351,11:36:00,11:36:00,489,5,,0,0
103351,11:40:00,11:40:00,642,10,,0,0
103351,11:41:00,11:41:00,636,15,,0,0
103351,11:42:00,11:42:00,631,20,,0,0
103351,11:45:00,11:45:00,626,25,,0,0
103351,11:47:00,11:47:00,624,30,,0,0
103351,11:52:00,11:52:00,447,35,,0,0
103351,11:56:00,11:56:00,443,40,,0,0
103351,11:59:00,11:59:00,438,45,,0,0
103351,12:02:00,12:02:00,437,50,,0,0
103351,12:05:00,12:05:00,614,55,,0,0
103351,12:07:00,12:07:00,646,60,,0,0
103351,12:10:00,12:10:00,609A,65,,0,0
103351,12:16:00,12:16:00,418,67,,0,0
103351,12:19:00,12:19:00,645A,70,,0,0
103351,12:19:30,12:19:30,645,75,,0,0
203341,12:20:00,12:20:00,645,1,,0,0
203341,12:24:00,12:24:00,247,5,,0,0
203341,12:27:00,12:27:00,259,10,,0,0
203341,12:32:00,12:32:00,240,15,,0,0
203341,12:34:00,12:34:00,249,20,,0,0
203341,12:35:00,12:35:00,250,25,,0,0
203341,12:37:00,12:37:00,235,30,,0,0
203341,12:41:00,12:41:00,233,35,,0,0
203341,12:44:00,12:44:00,2272,40,,0,0
203341,12:46:00,12:46:00,201,45,,0,0
203341,12:49:00,12:49:00,230,50,,0,0
203341,12:52:00,12:52:00,997,65,,0,0
203341,12:57:00,12:57:00,205,75,,0,0
203341,12:58:00,12:58:00,209,80,,0,0
203341,12:59:00,12:59:00,271,85,,0,0
203341,13:00:00,13:00:00,251,90,,0,0
203341,13:04:00,13:04:00,212,95,,0,0
203341,13:05:00,13:05:00,213,100,,0,0
203341,13:12:00,13:12:00,218,110,,0,0
203341,13:13:00,13:13:00,220,115,,0,0
203341,13:15:00,13:15:00,222,120,,0,0
203341,13:16:00,13:16:00,224,125,,0,0
203341,13:18:00,13:18:00,226,130,,0,0
204152,10:30:00,10:30:00,226,1,,0,0
204152,10:32:00,10:32:00,224,5,,0,0
204152,10:33:00,10:33:00,222,10,,0,0
204152,10:35:00,10:35:00,220,15,,0,0
204152,10:36:00,10:36:00,218,20,,0,0
204152,10:42:00,10:42:00,251,30,,0,0
204152,10:46:00,10:46:00,212,40,,0,0
204152,10:47:00,10:47:00,213,45,,0,0
204152,10:49:00,10:49:00,271,50,,0,0
204152,10:50:00,10:50:00,209,65,,0,0
204152,10:51:00,10:51:00,205,70,,0,0
204152,10:56:00,10:56:00,997,75,,0,0
204152,11:00:00,11:00:00,230,80,,0,0
204152,11:02:00,11:02:00,201,85,,0,0
204152,11:04:00,11:04:00,2272,90,,0,0
204152,11:07:00,11:07:00,233,95,,0,0
204152,11:11:00,11:11:00,235,100,,0,0
204152,11:12:00,11:12:00,250,110,,0,0
204152,11:14:00,11:14:00,249,115,,0,0
204152,11:19:00,11:19:00,240,120,,0,0
204152,11:21:00,11:21:00,259,125,,0,0
204152,11:24:00,11:24:00,247,130,,0,0
204152,11:28:00,11:28:00,645,135,,0,0
104142,11:29:00,11:29:00,645A,1,,0,0
104142,11:34:00,11:34:00,609,5,,0,0
104142,11:37:00,11:37:00,646,10,,0,0
104142,11:39:00,11:39:00,647,15,,0,0
104142,11:42:00,11:42:00,438,20,,0,0
104142,11:45:00,11:45:00,437,25,,0,0
104142,11:49:00,11:49:00,443,30,,0,0
104142,11:53:00,11:53:00,447,35,,0,0
104142,11:58:00,11:58:00,624,40,,0,0
104142,12:00:00,12:00:00,626,45,,0,0
104142,12:03:00,12:03:00,631,50,,0,0
104142,12:04:00,12:04:00,636,55,,0,0
104142,12:05:00,12:05:00,642,60,,0,0
104142,12:09:00,12:09:00,489,65,,0,0
104142,12:12:00,12:12:00,432,70,,0,0
104152,12:33:00,12:33:00,432,1,,0,0
104152,12:36:00,12:36:00,489,5,,0,0
104152,12:40:00,12:40:00,642,10,,0,0
104152,12:41:00,12:41:00,636,15,,0,0
104152,12:42:00,12:42:00,631,20,,0,0
104152,12:45:00,12:45:00,626,25,,0,0
104152,12:47:00,12:47:00,624,30,,0,0
104152,12:52:00,12:52:00,447,35,,0,0
104152,12:56:00,12:56:00,443,40,,0,0
104152,12:59:00,12:59:00,438,45,,0,0
104152,13:02:00,13:02:00,437,50,,0,0
104152,13:05:00,13:05:00,614,55,,0,0
104152,13:07:00,13:07:00,646,60,,0,0
104152,13:10:00,13:10:00,609A,65,,0,0
104152,13:16:00,13:16:00,418,67,,0,0
104152,13:19:00,13:19:00,645A,70,,0,0
104152,13:19:30,13:19:30,645,75,,0,0
204142,13:20:00,13:20:00,645,1,,0,0
204142,13:24:00,13:24:00,247,5,,0,0
204142,13:27:00,13:27:00,259,10,,0,0
204142,13:32:00,13:32:00,240,15,,0,0
204142,13:34:00,13:34:00,249,20,,0,0
204142,13:35:00,13:35:00,250,25,,0,0
204142,13:37:00,13:37:00,235,30,,0,0
204142,13:41:00,13:41:00,233,35,,0,0
204142,13:44:00,13:44:00,2272,40,,0,0
204142,13:46:00,13:46:00,201,45,,0,0
204142,13:49:00,13:49:00,230,50,,0,0
204142,13:52:00,13:52:00,997,65,,0,0
204142,13:57:00,13:57:00,205,75,,0,0
204142,13:58:00,13:58:00,209,80,,0,0
204142,13:59:00,13:59:00,271,85,,0,0
204142,14:00:00,14:00:00,251,90,,0,0
204142,14:04:00,14:04:00,212,95,,0,0
204142,14:05:00,14:05:00,213,100,,0,0
204142,14:12:00,14:12:00,218,110,,0,0
204142,14:13:00,14:13:00,220,115,,0,0
204142,14:15:00,14:15:00,222,120,,0,0
204142,14:16:00,14:16:00,224,125,,0,0
204142,14:18:00,14:18:00,226,130,,0,0
205451,11:30:00,11:30:00,226,1,,0,0
205451,11:32:00,11:32:00,224,5,,0,0
205451,11:33:00,11:33:00,222,10,,0,0
205451,11:35:00,11:35:00,220,15,,0,0
205451,11:36:00,11:36:00,218,20,,0,0
205451,11:42:00,11:42:00,251,30,,0,0
205451,11:46:00,11:46:00,212,40,,0,0
205451,11:47:00,11:47:00,213,45,,0,0
205451,11:49:00,11:49:00,271,50,,0,0
205451,11:50:00,11:50:00,209,65,,0,0
205451,11:51:00,11:51:00,205,70,,0,0
205451,11:56:00,11:56:00,997,75,,0,0
205451,12:00:00,12:00:00,230,80,,0,0
205451,12:02:00,12:02:00,201,85,,0,0
205451,12:04:00,12:04:00,2272,90,,0,0
205451,12:07:00,12:07:00,233,95,,0,0
205451,12:11:00,12:11:00,235,100,,0,0
205451,12:12:00,12:12:00,250,110,,0,0
205451,12:14:00,12:14:00,249,115,,0,0
205451,12:19:00,12:19:00,240,120,,0,0
205451,12:21:00,12:21:00,259,125,,0,0
205451,12:24:00,12:24:00,247,130,,0,0
205451,12:28:00,12:28:00,645,135,,0,0
105441,12:29:00,12:29:00,645A,1,,0,0
105441,12:34:00,12:34:00,609,5,,0,0
105441,12:37:00,12:37:00,646,10,,0,0
105441,12:39:00,12:39:00,647,15,,0,0
105441,12:42:00,12:42:00,438,20,,0,0
105441,12:45:00,12:45:00,437,25,,0,0
105441,12:49:00,12:49:00,443,30,,0,0
105441,12:53:00,12:53:00,447,35,,0,0
105441,12:58:00,12:58:00,624,40,,0,0
105441,13:00:00,13:00:00,626,45,,0,0
105441,13:03:00,13:03:00,631,50,,0,0
105441,13:04:00,13:04:00,636,55,,0,0
105441,13:05:00,13:05:00,642,60,,0,0
105441,13:09:00,13:09:00,489,65,,0,0
105441,13:12:00,13:12:00,432,70,,0,0
105451,13:33:00,13:33:00,432,1,,0,0
105451,13:36:00,13:36:00,489,5,,0,0
105451,13:40:00,13:40:00,642,10,,0,0
105451,13:41:00,13:41:00,636,15,,0,0
105451,13:42:00,13:42:00,631,20,,0,0
105451,13:45:00,13:45:00,626,25,,0,0
105451,13:47:00,13:47:00,624,30,,0,0
105451,13:52:00,13:52:00,447,35,,0,0
105451,13:56:00,13:56:00,443,40,,0,0
105451,13:59:00,13:59:00,438,45,,0,0
105451,14:02:00,14:02:00,437,50,,0,0
105451,14:05:00,14:05:00,614,55,,0,0
105451,14:07:00,14:07:00,646,60,,0,0
105451,14:10:00,14:10:00,609A,65,,0,0
105451,14:16:00,14:16:00,418,67,,0,0
105451,14:19:00,14:19:00,645A,70,,0,0
105451,14:19:30,14:19:30,645,75,,0,0
205441,14:20:00,14:20:00,645,1,,0,0
205441,14:24:00,14:24:00,247,5,,0,0
205441,14:27:00,14:27:00,259,10,,0,0
205441,14:32:00,14:32:00,240,15,,0,0
205441,14:34:00,14:34:00,249,20,,0,0
205441,14:35:00,14:35:00,250,25,,0,0
205441,14:37:00,14:37:00,235,30,,0,0
205441,14:41:00,14:41:00,233,35,,0,0
205441,14:44:00,14:44:00,2272,40,,0,0
205441,14:46:00,14:46:00,201,45,,0,0
205441,14:49:00,14:49:00,230,50,,0,0
205441,14:52:00,14:52:00,997,65,,0,0
205441,14:57:00,14:57:00,205,75,,0,0
205441,14:58:00,14:58:00,209,80,,0,0
205441,14:59:00,14:59:00,271,85,,0,0
205441,15:00:00,15:00:00,251,90,,0,0
205441,15:04:00,15:04:00,212,95,,0,0
205441,15:05:00,15:05:00,213,100,,0,0
205441,15:12:00,15:12:00,218,110,,0,0
205441,15:13:00,15:13:00,220,115,,0,0
205441,15:15:00,15:15:00,222,120,,0,0
205441,15:16:00,15:16:00,224,125,,0,0
205441,15:18:00,15:18:00,226,130,,0,0
206252,12:30:00,12:30:00,226,1,,0,0
206252,12:32:00,12:32:00,224,5,,0,0
206252,12:33:00,12:33:00,222,10,,0,0
206252,12:35:00,12:35:00,220,15,,0,0
206252,12:36:00,12:36:00,218,20,,0,0
206252,12:42:00,12:42:00,251,30,,0,0
206252,12:46:00,12:46:00,212,40,,0,0
206252,12:47:00,12:47:00,213,45,,0,0
206252,12:49:00,12:49:00,271,50,,0,0
206252,12:50:00,12:50:00,209,65,,0,0
206252,12:51:00,12:51:00,205,70,,0,0
206252,12:56:00,12:56:00,997,75,,0,0
206252,13:00:00,13:00:00,230,80,,0,0
206252,13:02:00,13:02:00,201,85,,0,0
206252,13:04:00,13:04:00,2272,90,,0,0
206252,13:07:00,13:07:00,233,95,,0,0
206252,13:11:00,13:11:00,235,100,,0,0
206252,13:12:00,13:12:00,250,110,,0,0
206252,13:14:00,13:14:00,249,115,,0,0
206252,13:19:00,13:19:00,240,120,,0,0
206252,13:21:00,13:21:00,259,125,,0,0
206252,13:24:00,13:24:00,247,130,,0,0
206252,13:28:00,13:28:00,645,135,,0,0
106242,13:29:00,13:29:00,645A,1,,0,0
106242,13:34:00,13:34:00,609,5,,0,0
106242,13:37:00,13:37:00,646,10,,0,0
106242,13:39:00,13:39:00,647,15,,0,0
106242,13:42:00,13:42:00,438,20,,0,0
106242,13:45:00,13:45:00,437,25,,0,0
106242,13:49:00,13:49:00,443,30,,0,0
106242,13:53:00,13:53:00,447,35,,0,0
106242,13:58:00,13:58:00,624,40,,0,0
106242,14:00:00,14:00:00,626,45,,0,0
106242,14:03:00,14:03:00,631,50,,0,0
106242,14:04:00,14:04:00,636,55,,0,0
106242,14:05:00,14:05:00,642,60,,0,0
106242,14:09:00,14:09:00,489,65,,0,0
106242,14:12:00,14:12:00,432,70,,0,0
106252,14:33:00,14:33:00,432,1,,0,0
106252,14:36:00,14:36:00,489,5,,0,0
106252,14:40:00,14:40:00,642,10,,0,0
106252,14:41:00,14:41:00,636,15,,0,0
106252,14:42:00,14:42:00,631,20,,0,0
106252,14:45:00,14:45:00,626,25,,0,0
106252,14:47:00,14:47:00,624,30,,0,0
106252,14:52:00,14:52:00,447,35,,0,0
106252,14:56:00,14:56:00,443,40,,0,0
106252,14:59:00,14:59:00,438,45,,0,0
106252,15:02:00,15:02:00,437,50,,0,0
106252,15:05:00,15:05:00,614,55,,0,0
106252,15:07:00,15:07:00,646,60,,0,0
106252,15:10:00,15:10:00,609A,65,,0,0
106252,15:16:00,15:16:00,418,67,,0,0
106252,15:19:00,15:19:00,645A,70,,0,0
106252,15:19:30,15:19:30,645,75,,0,0
206242,15:20:00,15:20:00,645,1,,0,0
206242,15:24:00,15:24:00,247,5,,0,0
206242,15:27:00,15:27:00,259,10,,0,0
206242,15:32:00,15:32:00,240,15,,0,0
206242,15:34:00,15:34:00,249,20,,0,0
206242,15:35:00,15:35:00,250,25,,0,0
206242,15:37:00,15:37:00,235,30,,0,0
206242,15:41:00,15:41:00,233,35,,0,0
206242,15:44:00,15:44:00,2272,40,,0,0
206242,15:46:00,15:46:00,201,45,,0,0
206242,15:49:00,15:49:00,230,50,,0,0
206242,15:52:00,15:52:00,997,65,,0,0
206242,15:57:00,15:57:00,205,75,,0,0
206242,15:58:00,15:58:00,209,80,,0,0
206242,15:59:00,15:59:00,271,85,,0,0
206242,16:00:00,16:00:00,251,90,,0,0
206242,16:04:00,16:04:00,212,95,,0,0
206242,16:05:00,16:05:00,213,100,,0,0
206242,16:12:00,16:12:00,218,110,,0,0
206242,16:13:00,16:13:00,220,115,,0,0
206242,16:15:00,16:15:00,222,120,,0,0
206242,16:16:00,16:16:00,224,125,,0,0
206242,16:18:00,16:18:00,226,130,,0,0
207551,14:30:00,14:30:00,226,1,,0,0
207551,14:32:00,14:32:00,224,5,,0,0
207551,14:33:00,14:33:00,222,10,,0,0
207551,14:35:00,14:35:00,220,15,,0,0
207551,14:36:00,14:36:00,218,20,,0,0
207551,14:42:00,14:42:00,251,30,,0,0
207551,14:46:00,14:46:00,212,40,,0,0
207551,14:47:00,14:47:00,213,45,,0,0
207551,14:49:00,14:49:00,271,50,,0,0
207551,14:50:00,14:50:00,209,65,,0,0
207551,14:51:00,14:51:00,205,70,,0,0
207551,14:56:00,14:56:00,997,75,,0,0
207551,15:00:00,15:00:00,230,80,,0,0
207551,15:02:00,15:02:00,201,85,,0,0
207551,15:04:00,15:04:00,2272,90,,0,0
207551,15:07:00,15:07:00,233,95,,0,0
207551,15:11:00,15:11:00,235,100,,0,0
207551,15:12:00,15:12:00,250,110,,0,0
207551,15:14:00,15:14:00,249,115,,0,0
207551,15:19:00,15:19:00,240,120,,0,0
207551,15:21:00,15:21:00,259,125,,0,0
207551,15:24:00,15:24:00,247,130,,0,0
207551,15:28:00,15:28:00,645,135,,0,0
107541,15:29:00,15:29:00,645A,1,,0,0
107541,15:34:00,15:34:00,609,5,,0,0
107541,15:37:00,15:37:00,646,10,,0,0
107541,15:39:00,15:39:00,647,15,,0,0
107541,15:42:00,15:42:00,438,20,,0,0
107541,15:45:00,15:45:00,437,25,,0,0
107541,15:49:00,15:49:00,443,30,,0,0
107541,15:53:00,15:53:00,447,35,,0,0
107541,15:58:00,15:58:00,624,40,,0,0
107541,16:00:00,16:00:00,626,45,,0,0
107541,16:03:00,16:03:00,631,50,,0,0
107541,16:04:00,16:04:00,636,55,,0,0
107541,16:05:00,16:05:00,642,60,,0,0
107541,16:09:00,16:09:00,489,65,,0,0
107541,16:12:00,16:12:00,432,70,,0,0
107551,16:33:00,16:33:00,432,1,,0,0
107551,16:36:00,16:36:00,489,5,,0,0
107551,16:40:00,16:40:00,642,10,,0,0
107551,16:41:00,16:41:00,636,15,,0,0
107551,16:42:00,16:42:00,631,20,,0,0
107551,16:45:00,16:45:00,626,25,,0,0
107551,16:47:00,16:47:00,624,30,,0,0
107551,16:52:00,16:52:00,447,35,,0,0
107551,16:56:00,16:56:00,443,40,,0,0
107551,16:59:00,16:59:00,438,45,,0,0
107551,17:02:00,17:02:00,437,50,,0,0
107551,17:05:00,17:05:00,614,55,,0,0
107551,17:07:00,17:07:00,646,60,,0,0
107551,17:10:00,17:10:00,609A,65,,0,0
107551,17:16:00,17:16:00,418,67,,0,0
107551,17:19:00,17:19:00,645A,70,,0,0
107551,17:19:30,17:19:30,645,75,,0,0
207541,17:20:00,17:20:00,645,1,,0,0
207541,17:24:00,17:24:00,247,5,,0,0
207541,17:27:00,17:27:00,259,10,,0,0
207541,17:32:00,17:32:00,240,15,,0,0
207541,17:34:00,17:34:00,249,20,,0,0
207541,17:35:00,17:35:00,250,25,,0,0
207541,17:37:00,17:37:00,235,30,,0,0
207541,17:41:00,17:41:00,233,35,,0,0
207541,17:44:00,17:44:00,2272,40,,0,0
207541,17:46:00,17:46:00,201,45,,0,0
207541,17:49:00,17:49:00,230,50,,0,0
207541,17:52:00,17:52:00,997,65,,0,0
207541,17:57:00,17:57:00,205,75,,0,0
207541,17:58:00,17:58:00,209,80,,0,0
207541,17:59:00,17:59:00,271,85,,0,0
207541,18:00:00,18:00:00,251,90,,0,0
207541,18:04:00,18:04:00,212,95,,0,0
207541,18:05:00,18:05:00,213,100,,0,0
207541,18:12:00,18:12:00,218,110,,0,0
207541,18:13:00,18:13:00,220,115,,0,0
207541,18:15:00,18:15:00,222,120,,0,0
207541,18:16:00,18:16:00,224,125,,0,0
207541,18:18:00,18:18:00,226,130,,0,0
208452,15:30:00,15:30:00,226,1,,0,0
208452,15:32:00,15:32:00,224,5,,0,0
208452,15:33:00,15:33:00,222,10,,0,0
208452,15:35:00,15:35:00,220,15,,0,0
208452,15:36:00,15:36:00,218,20,,0,0
208452,15:42:00,15:42:00,251,30,,0,0
208452,15:46:00,15:46:00,212,40,,0,0
208452,15:47:00,15:47:00,213,45,,0,0
208452,15:49:00,15:49:00,271,50,,0,0
208452,15:50:00,15:50:00,209,65,,0,0
208452,15:51:00,15:51:00,205,70,,0,0
208452,15:56:00,15:56:00,997,75,,0,0
208452,16:00:00,16:00:00,230,80,,0,0
208452,16:02:00,16:02:00,201,85,,0,0
208452,16:04:00,16:04:00,2272,90,,0,0
208452,16:07:00,16:07:00,233,95,,0,0
208452,16:11:00,16:11:00,235,100,,0,0
208452,16:12:00,16:12:00,250,110,,0,0
208452,16:14:00,16:14:00,249,115,,0,0
208452,16:19:00,16:19:00,240,120,,0,0
208452,16:21:00,16:21:00,259,125,,0,0
208452,16:24:00,16:24:00,247,130,,0,0
208452,16:28:00,16:28:00,645,135,,0,0
108442,16:29:00,16:29:00,645A,1,,0,0
108442,16:34:00,16:34:00,609,5,,0,0
108442,16:37:00,16:37:00,646,10,,0,0
108442,16:39:00,16:39:00,647,15,,0,0
108442,16:42:00,16:42:00,438,20,,0,0
108442,16:45:00,16:45:00,437,25,,0,0
108442,16:49:00,16:49:00,443,30,,0,0
108442,16:53:00,16:53:00,447,35,,0,0
108442,16:58:00,16:58:00,624,40,,0,0
108442,17:00:00,17:00:00,626,45,,0,0
108442,17:03:00,17:03:00,631,50,,0,0
108442,17:04:00,17:04:00,636,55,,0,0
108442,17:05:00,17:05:00,642,60,,0,0
108442,17:09:00,17:09:00,489,65,,0,0
108442,17:12:00,17:12:00,432,70,,0,0
108452,17:33:00,17:33:00,432,1,,0,0
108452,17:36:00,17:36:00,489,5,,0,0
108452,17:40:00,17:40:00,642,10,,0,0
108452,17:41:00,17:41:00,636,15,,0,0
108452,17:42:00,17:42:00,631,20,,0,0
108452,17:45:00,17:45:00,626,25,,0,0
108452,17:47:00,17:47:00,624,30,,0,0
108452,17:52:00,17:52:00,447,35,,0,0
108452,17:56:00,17:56:00,443,40,,0,0
108452,17:59:00,17:59:00,438,45,,0,0
108452,18:02:00,18:02:00,437,50,,0,0
108452,18:05:00,18:05:00,614,55,,0,0
108452,18:07:00,18:07:00,646,60,,0,0
108452,18:10:00,18:10:00,609A,65,,0,0
108452,18:16:00,18:16:00,418,67,,0,0
108452,18:19:00,18:19:00,645A,70,,0,0
108452,18:19:30,18:19:30,645,75,,0,0
208442,18:20:00,18:20:00,645,1,,0,0
208442,18:24:00,18:24:00,247,5,,0,0
208442,18:27:00,18:27:00,259,10,,0,0
208442,18:32:00,18:32:00,240,15,,0,0
208442,18:34:00,18:34:00,249,20,,0,0
208442,18:35:00,18:35:00,250,25,,0,0
208442,18:37:00,18:37:00,235,30,,0,0
208442,18:41:00,18:41:00,233,35,,0,0
208442,18:44:00,18:44:00,2272,40,,0,0
208442,18:46:00,18:46:00,201,45,,0,0
208442,18:49:00,18:49:00,230,50,,0,0
208442,18:52:00,18:52:00,997,65,,0,0
208442,18:57:00,18:57:00,205,75,,0,0
208442,18:58:00,18:58:00,209,80,,0,0
208442,18:59:00,18:59:00,271,85,,0,0
208442,19:00:00,19:00:00,251,90,,0,0
208442,19:04:00,19:04:00,212,95,,0,0
208442,19:05:00,19:05:00,213,100,,0,0
208442,19:12:00,19:12:00,218,110,,0,0
208442,19:13:00,19:13:00,220,115,,0,0
208442,19:15:00,19:15:00,222,120,,0,0
208442,19:16:00,19:16:00,224,125,,0,0
208442,19:18:00,19:18:00,226,130,,0,0
209651,16:30:00,16:30:00,226,1,,0,0
209651,16:32:00,16:32:00,224,5,,0,0
209651,16:33:00,16:33:00,222,10,,0,0
209651,16:35:00,16:35:00,220,15,,0,0
209651,16:36:00,16:36:00,218,20,,0,0
209651,16:42:00,16:42:00,251,30,,0,0
209651,16:46:00,16:46:00,212,40,,0,0
209651,16:47:00,16:47:00,213,45,,0,0
209651,16:49:00,16:49:00,271,50,,0,0
209651,16:50:00,16:50:00,209,65,,0,0
209651,16:51:00,16:51:00,205,70,,0,0
209651,16:56:00,16:56:00,997,75,,0,0
209651,17:00:00,17:00:00,230,80,,0,0
209651,17:02:00,17:02:00,201,85,,0,0
209651,17:04:00,17:04:00,2272,90,,0,0
209651,17:07:00,17:07:00,233,95,,0,0
209651,17:11:00,17:11:00,235,100,,0,0
209651,17:12:00,17:12:00,250,110,,0,0
209651,17:14:00,17:14:00,249,115,,0,0
209651,17:19:00,17:19:00,240,120,,0,0
209651,17:21:00,17:21:00,259,125,,0,0
209651,17:24:00,17:24:00,247,130,,0,0
209651,17:28:00,17:28:00,645,135,,0,0
109641,17:29:00,17:29:00,645A,1,,0,0
109641,17:34:00,17:34:00,609,5,,0,0
109641,17:37:00,17:37:00,646,10,,0,0
109641,17:39:00,17:39:00,647,15,,0,0
109641,17:42:00,17:42:00,438,20,,0,0
109641,17:45:00,17:45:00,437,25,,0,0
109641,17:49:00,17:49:00,443,30,,0,0
109641,17:53:00,17:53:00,447,35,,0,0
109641,17:58:00,17:58:00,624,40,,0,0
109641,18:00:00,18:00:00,626,45,,0,0
109641,18:03:00,18:03:00,631,50,,0,0
109641,18:04:00,18:04:00,636,55,,0,0
109641,18:05:00,18:05:00,642,60,,0,0
109641,18:09:00,18:09:00,489,65,,0,0
109641,18:12:00,18:12:00,432,70,,0,0
109651,18:33:00,18:33:00,432,1,,0,0
109651,18:36:00,18:36:00,489,5,,0,0
109651,18:40:00,18:40:00,642,10,,0,0
109651,18:41:00,18:41:00,636,15,,0,0
109651,18:42:00,18:42:00,631,20,,0,0
109651,18:45:00,18:45:00,626,25,,0,0
109651,18:47:00,18:47:00,624,30,,0,0
109651,18:52:00,18:52:00,447,35,,0,0
109651,18:56:00,18:56:00,443,40,,0,0
109651,18:59:00,18:59:00,438,45,,0,0
109651,19:02:00,19:02:00,437,50,,0,0
109651,19:05:00,19:05:00,614,55,,0,0
109651,19:07:00,19:07:00,646,60,,0,0
109651,19:10:00,19:10:00,609A,65,,0,0
109651,19:16:00,19:16:00,418,67,,0,0
109651,19:19:00,19:19:00,645A,70,,0,0
109651,19:19:30,19:19:30,645,75,,0,0
209641,19:20:00,19:20:00,645,1,,0,0
209641,19:24:00,19:24:00,247,5,,0,0
209641,19:27:00,19:27:00,259,10,,0,0
209641,19:32:00,19:32:00,240,15,,0,0
209641,19:34:00,19:34:00,249,20,,0,0
209641,19:35:00,19:35:00,250,25,,0,0
209641,19:37:00,19:37:00,235,30,,0,0
209641,19:41:00,19:41:00,233,35,,0,0
209641,19:44:00,19:44:00,2272,40,,0,0
209641,19:46:00,19:46:00,201,45,,0,0
209641,19:49:00,19:49:00,230,50,,0,0
209641,19:52:00,19:52:00,997,65,,0,0
209641,19:57:00,19:57:00,205,75,,0,0
209641,19:58:00,19:58:00,209,80,,0,0
209641,19:59:00,19:59:00,271,85,,0,0
209641,20:00:00,20:00:00,251,90,,0,0
209641,20:04:00,20:04:00,212,95,,0,0
209641,20:05:00,20:05:00,213,100,,0,0
209641,20:12:00,20:12:00,218,110,,0,0
209641,20:13:00,20:13:00,220,115,,0,0
209641,20:15:00,20:15:00,222,120,,0,0
209641,20:16:00,20:16:00,224,125,,0,0
209641,20:18:00,20:18:00,226,130,,0,0
210552,18:30:00,18:30:00,226,1,,0,0
210552,18:32:00,18:32:00,224,5,,0,0
210552,18:33:00,18:33:00,222,10,,0,0
210552,18:35:00,18:35:00,220,15,,0,0
210552,18:36:00,18:36:00,218,20,,0,0
210552,18:42:00,18:42:00,251,30,,0,0
210552,18:46:00,18:46:00,212,40,,0,0
210552,18:47:00,18:47:00,213,45,,0,0
210552,18:49:00,18:49:00,271,50,,0,0
210552,18:50:00,18:50:00,209,65,,0,0
210552,18:51:00,18:51:00,205,70,,0,0
210552,18:56:00,18:56:00,997,75,,0,0
210552,19:00:00,19:00:00,230,80,,0,0
210552,19:02:00,19:02:00,201,85,,0,0
210552,19:04:00,19:04:00,2272,90,,0,0
210552,19:07:00,19:07:00,233,95,,0,0
210552,19:11:00,19:11:00,235,100,,0,0
210552,19:12:00,19:12:00,250,110,,0,0
210552,19:14:00,19:14:00,249,115,,0,0
210552,19:19:00,19:19:00,240,120,,0,0
210552,19:21:00,19:21:00,259,125,,0,0
210552,19:24:00,19:24:00,247,130,,0,0
210552,19:28:00,19:28:00,645,135,,0,0
110542,19:29:00,19:29:00,645A,1,,0,0
110542,19:34:00,19:34:00,609,5,,0,0
110542,19:37:00,19:37:00,646,10,,0,0
110542,19:39:00,19:39:00,647,15,,0,0
110542,19:42:00,19:42:00,438,20,,0,0
110542,19:45:00,19:45:00,437,25,,0,0
110542,19:49:00,19:49:00,443,30,,0,0
110542,19:53:00,19:53:00,447,35,,0,0
110542,19:58:00,19:58:00,624,40,,0,0
110542,20:00:00,20:00:00,626,45,,0,0
110542,20:03:00,20:03:00,631,50,,0,0
110542,20:04:00,20:04:00,636,55,,0,0
110542,20:05:00,20:05:00,642,60,,0,0
110542,20:09:00,20:09:00,489,65,,0,0
110542,20:12:00,20:12:00,432,70,,0,0
110552,20:33:00,20:33:00,432,1,,0,0
110552,20:36:00,20:36:00,489,5,,0,0
110552,20:40:00,20:40:00,642,10,,0,0
110552,20:41:00,20:41:00,636,15,,0,0
110552,20:42:00,20:42:00,631,20,,0,0
110552,20:45:00,20:45:00,626,25,,0,0
110552,20:47:00,20:47:00,624,30,,0,0
110552,20:52:00,20:52:00,447,35,,0,0
110552,20:56:00,20:56:00,443,40,,0,0
110552,20:59:00,20:59:00,438,45,,0,0
110552,21:02:00,21:02:00,437,50,,0,0
110552,21:05:00,21:05:00,614,55,,0,0
110552,21:07:00,21:07:00,646,60,,0,0
110552,21:10:00,21:10:00,609A,65,,0,0
110552,21:16:00,21:16:00,418,67,,0,0
110552,21:19:00,21:19:00,645A,70,,0,0
110552,21:19:30,21:19:30,645,75,,0,0
210542,21:20:00,21:20:00,645,1,,0,0
210542,21:24:00,21:24:00,247,5,,0,0
210542,21:27:00,21:27:00,259,10,,0,0
210542,21:32:00,21:32:00,240,15,,0,0
210542,21:34:00,21:34:00,249,20,,0,0
210542,21:35:00,21:35:00,250,25,,0,0
210542,21:37:00,21:37:00,235,30,,0,0
210542,21:41:00,21:41:00,233,35,,0,0
210542,21:44:00,21:44:00,2272,40,,0,0
210542,21:46:00,21:46:00,201,45,,0,0